Br Usd Category Group
-5 27 2 1
-21 -5 2 1
-24 19 2 2
2 15 1 1
-17 11 2 2
-10 17 2 2
17 -3 1 1
21 12 1 2
1 4 1 2
-1 10 2 2
-7 0 2 1
7 -2 1 2
5 6 1 2
-3 3 2 2
-3 8 2 2
-21 -10 2 1
-26 -10 2 2
-6 -6 2 2
-3 1 2 2
-7 0 2 2
-6 4 2 2
12 -5 1 1
-7 -16 2 2
-6 -8 2 2
1 -6 1 2
1 -1 1 2
-3 -2 2 2
-3 3 2 2
28 0 1 1
40 -6 1 2
10 -8 1 2
5 -6 1 2
7 -5 1 2
7 -1 1 2
2 -1 1 2
2 -6 1 1
31 -8 1 2
22 -7 1 2
8 -8 1 2
5 -6 1 2
7 -5 1 2
6 -2 1 2
5 -9 1 1
5 -15 1 2
17 -9 1 2
16 -8 1 2
7 -8 1 2
5 -7 1 2
6 -6 1 2
-7 6 2 1
-2 -5 2 2
-1 -6 2 2
9 -4 1 2
10 -5 1 2
4 -6 1 2
3 -5 1 2
-2 -1 2 1
-7 5 2 2
-1 -3 2 2
-1 -4 2 2
7 -4 1 2
8 -4 1 2
3 -5 1 2
5 1 1 1
-2 -3 2 2
-3 2 2 2
-1 -3 2 2
0 -3 2 2
6 -3 1 2
7 -4 1 2
-16 10 2 1
-5 11 2 2
-6 4 2 2
-6 5 2 2
-3 1 2 2
-2 -1 2 2
3 -1 1 2
12 -4 1 1
-3 4 2 2
3 2 1 2
0 0 2 2
-1 2 2 2
0 -1 2 2
0 -2 2 2
-10 -49 2 1
3 -53 1 2
-6 -23 2 2
-1 -15 2 2
-2 -12 2 2
-3 -8 2 2
-1 -9 2 2
9 -13 1 1
-2 -62 2 2
6 -33 1 2
-1 -19 2 2
2 -14 1 2
0 -12 2 2
-1 -9 2 2
-19 16 2 1
-7 3 2 2
-9 -23 2 2
-1 -17 2 2
-5 -11 2 2
-2 -8 2 2
-3 -8 2 2
-5 11 2 1
-24 24 2 2
-6 5 2 2
-7 -13 2 2
-2 -10 2 2
-5 -7 2 2
-2 -6 2 2
5 -1 1 1
-3 8 2 2
-11 11 2 2
-3 3 2 2
-5 -10 2 2
-1 -9 2 2
-4 -6 2 2
-69 21 2 1
-64 16 2 2
-36 13 2 2
-31 13 2 2
-20 6 2 2
-18 -5 2 2
-13 -5 2 2
-19 13 2 1
-87 32 2 2
-41 14 2 2
-30 12 2 2
-27 12 2 2
-19 7 2 2
-18 -2 2 2
-47 8 2 1
-66 21 2 2
-67 20 2 2
-43 12 2 2
-34 11 2 2
-31 12 2 2
-24 8 2 2
21 -7 1 1
-26 1 2 2
-23 7 2 2
-38 11 2 2
-27 7 2 2
-23 8 2 2
-22 9 2 2
