Br Usd Category Group
3 21 1 1
-3 92 2 1
0 113 2 2
-13 124 2 1
-20 224 2 2
-8 123 2 2
3 44 1 1
-11 169 2 2
-9 135 2 2
-5 97 2 2
-8 314 2 1
-8 390 2 2
-11 260 2 2
-10 208 2 2
-7 161 2 2
44 -263 1 1
33 54 1 2
16 65 1 2
6 85 1 2
3 89 1 2
3 76 1 2
0 50 2 1
38 -215 1 2
13 52 1 2
9 60 1 2
3 76 1 2
1 81 1 2
1 72 1 2
-15 11 2 1
-13 61 2 2
12 -103 1 2
4 38 1 2
3 47 1 2
0 63 2 2
-1 70 2 2
5 18 1 1
-10 24 2 2
-4 38 2 2
10 -64 1 2
4 32 1 2
4 41 1 2
1 55 1 2
-3 -6 2 1
2 10 1 2
-7 9 2 2
-4 23 2 2
7 -50 1 2
3 24 1 2
2 33 1 2
8 -70 1 1
0 -77 2 2
2 -30 1 2
-3 -18 2 2
-2 -1 2 2
6 -54 1 2
3 8 1 2
3 -36 1 1
16 -130 1 2
4 -68 1 2
4 -40 1 2
0 -28 2 2
0 -13 2 2
6 -54 1 2
-2 -131 2 1
2 -166 1 2
7 -129 1 2
2 -88 1 2
3 -62 1 2
-1 -49 2 2
0 -32 2 2
-2 124 2 1
-5 0 2 2
-1 -18 2 2
4 -43 1 2
1 -34 1 2
2 -24 1 2
-1 -19 2 2
55 25 1 1
54 145 1 2
25 10 1 2
18 -5 1 2
17 -28 1 2
12 -23 1 2
11 -17 1 2
-39 31 2 1
18 61 1 2
8 91 1 2
4 19 1 2
4 5 1 2
6 -15 1 2
4 -14 1 2
103 4 1 1
66 51 1 2
62 40 1 2
41 67 1 2
30 19 1 2
24 8 1 2
23 -9 1 2
35 -44 1 1
133 -17 1 2
49 15 1 2
52 20 1 2
38 45 1 2
30 11 1 2
26 3 1 2
8 -36 1 1
35 -82 1 2
67 -27 1 2
32 -3 1 2
39 5 1 2
31 28 1 2
25 3 1 2
-11 61 2 1
0 24 2 2
14 -11 1 2
42 2 1 2
22 13 1 2
29 16 1 2
24 34 1 2
-8 161 2 1
-19 222 2 2
-4 93 2 2
6 46 1 2
29 42 1 2
16 43 1 2
23 41 1 2
8 195 1 1
0 354 2 2
-6 209 2 2
0 127 2 2
7 83 1 2
25 72 1 2
15 68 1 2
-6 23 2 1
6 223 1 2
-1 192 2 2
-4 149 2 2
0 102 2 2
5 72 1 2
21 65 1 2
5 -193 1 1
-3 -193 2 2
5 2 1 2
1 53 1 2
-2 55 2 2
0 37 2 2
5 23 1 2
