Br Usd Category Group
-27 33 2 1
-15 -3 2 1
-40 25 2 2
-6 -20 2 1
-21 -25 2 2
-23 1 2 2
4 -5 1 1
0 -24 2 2
-7 -15 2 2
-13 0 2 2
-15 3 2 1
-17 -1 2 2
-10 -10 2 2
-12 -9 2 2
-15 1 2 2
2 -13 1 1
-13 -8 2 2
-7 -6 2 2
-6 -10 2 2
-8 -9 2 2
-12 -2 2 2
-4 -1 2 1
0 -13 2 2
-7 -4 2 2
-6 -4 2 2
-5 -8 2 2
-7 -7 2 2
-10 -1 2 2
48 -10 1 1
44 -10 1 2
24 -12 1 2
11 -6 1 2
8 -6 1 2
5 -8 1 2
2 -8 1 2
31 0 1 1
80 -6 1 2
38 -4 1 2
27 -7 1 2
16 -4 1 2
13 -4 1 2
10 -6 1 2
4 -3 1 1
38 -3 1 2
43 -5 1 2
27 -3 1 2
21 -6 1 2
14 -4 1 2
11 -4 1 2
-2 -20 2 1
2 -24 1 2
18 -12 1 2
28 -10 1 2
20 -8 1 2
17 -9 1 2
12 -7 1 2
27 -7 1 1
25 -23 1 2
15 -14 1 2
21 -9 1 2
28 -9 1 2
21 -7 1 2
18 -8 1 2
31 -38 1 1
60 -45 1 2
29 -31 1 2
21 -22 1 2
24 -17 1 2
29 -14 1 2
23 -12 1 2
-33 28 2 1
0 -11 2 2
15 -9 1 2
9 -11 1 2
8 -10 1 2
13 -8 1 2
19 -8 1 2
-41 -7 2 1
-76 24 2 2
-22 -8 2 2
-5 -7 2 2
-4 -10 2 2
-2 -8 2 2
3 -7 1 2
6 7 1 1
-33 1 2 2
-34 16 2 2
-12 -2 2 2
-2 -3 2 2
-2 -6 2 2
-1 -6 2 2
-23 12 2 1
-19 19 2 2
-29 6 2 2
-31 15 2 2
-15 1 2 2
-6 0 2 2
-6 -3 2 2
-15 5 2 1
-37 17 2 2
-17 12 2 2
-24 6 2 2
-27 12 2 2
-15 2 2 2
-8 0 2 2
6 -2 1 1
-8 -1 2 2
-16 6 2 2
-9 6 2 2
-17 3 2 2
-20 9 2 2
-11 1 2 2
10 20 1 1
17 18 1 2
1 10 1 2
-7 11 2 2
-4 10 2 2
-11 6 2 2
-15 11 2 2
17 -8 1 1
27 10 1 2
17 4 1 2
6 3 1 2
-1 6 2 2
0 6 2 2
-7 4 2 2
15 1 1 1
29 -10 1 2
20 4 1 2
15 2 1 2
8 2 1 2
2 4 1 2
2 5 1 2
-15 21 2 1
0 24 2 2
7 7 1 2
8 11 1 2
8 8 1 2
3 6 1 2
-1 7 2 2
2 -41 1 1
-8 -19 2 2
3 -8 1 2
7 -9 1 2
8 -2 1 2
8 -2 1 2
4 -2 1 2
