Br Usd
0 0
31 -6
37 -1
28 42
46 48
76 38
69 50
104 43
100 48
115 93
131 133
151 110
198 78
176 93
170 115
150 141
145 145
135 144
132 123
170 127
189 130
189 123
253 96
267 84
229 96
207 73
238 65
245 44
270 51
289 56
288 78
307 61
302 58
251 73
289 106
282 112
245 141
195 145
216 153
266 148
275 129
257 158
279 254
269 255
269 238
282 280
282 355
289 191
283 183
297 129
292 15
298 146
294 89
291 96
279 79
291 108
317 64
301 59
345 80
311 31
289 60
260 85
258 91
269 89
294 79
311 102
313 96
329 40
342 20
364 12
358 -3
327 64
348 47
382 58
411 50
388 79
401 102
395 123
410 141
421 129
492 70
535 25
495 -2
493 50
499 -4
482 -13
480 15
507 40
510 37
529 -4
512 -2
496 -8
486 20
511 15
473 6
499 3
496 -7
524 -3
521 7
537 10
609 -22
590 -38
577 -33
636 -38
612 -31
621 -44
606 -50
595 -56
570 -44
605 -41
606 -35
620 -23
668 -52
618 -48
611 -29
630 -35
642 -13
649 2
671 -19
662 -31
662 -21
687 -52
693 -54
690 -44
664 -43
677 -50
662 -37
656 -52
639 -48
651 -40
668 -15
690 -28
692 -33
693 -26
656 -15
674 -25
689 -33
717 -53
695 -47
725 -55
728 -52
730 -59
731 -71
