Br Usd
0 0
-6 0
-37 24
-35 24
-17 18
-4 14
-6 15
-12 10
-25 29
-35 53
-25 58
-21 41
-27 38
-17 47
-2 37
15 39
43 26
60 14
52 18
58 23
23 18
44 19
33 21
60 26
52 35
110 10
133 12
122 17
151 26
147 20
118 21
129 14
203 6
240 -13
224 2
236 -6
390 -56
524 -90
508 -101
578 -124
545 -156
541 -157
549 -165
562 -166
576 -203
611 -194
624 -197
630 -199
582 -165
586 -165
566 -158
545 -160
526 -169
528 -155
522 -166
456 -162
356 -99
385 -110
443 -131
406 -127
392 -127
367 -130
309 -120
327 -138
319 -137
348 -149
307 -151
332 -147
367 -166
392 -163
377 -167
346 -127
367 -135
377 -121
497 -140
506 -159
516 -169
456 -165
431 -162
358 -165
359 -185
373 -198
396 -235
350 -216
361 -217
303 -200
315 -215
257 -208
228 -215
207 -196
267 -185
245 -179
288 -174
338 -191
292 -194
303 -186
325 -178
309 -178
313 -165
267 -152
290 -152
315 -186
394 -213
462 -213
435 -211
443 -214
491 -214
497 -210
560 -222
543 -217
528 -211
489 -200
495 -210
537 -222
483 -218
483 -215
477 -229
474 -223
443 -216
462 -231
452 -225
439 -217
446 -211
441 -222
458 -224
462 -228
504 -236
514 -232
495 -226
495 -224
485 -219
545 -237
535 -229
530 -211
495 -217
506 -225
506 -226
487 -220
578 -237
532 -232
549 -227
551 -229
535 -229
541 -225
