Br Usd
0 0
6 12
-28 24
-23 18
-11 16
-14 21
1 26
10 86
19 114
39 91
44 110
67 96
95 71
80 84
84 79
67 90
56 104
56 98
21 117
23 110
15 104
-6 147
-1 221
-1 259
15 245
-4 252
-14 222
-22 256
-61 330
-52 327
-56 367
-59 352
-45 335
-48 321
-44 274
-51 320
-48 323
-87 340
-74 344
-81 369
-84 391
-77 397
-66 329
-88 336
-83 340
-88 437
-74 421
-72 435
-62 395
-69 409
-83 458
-80 449
-89 433
-96 416
-83 414
-92 439
-103 411
-95 451
-94 467
-87 459
-59 467
-59 479
-32 492
4 504
-17 534
-28 525
-19 513
-19 492
-32 514
-56 524
-44 502
-69 498
-62 500
-72 474
-70 475
-73 439
-58 443
-54 459
-44 459
-61 409
-100 438
-149 508
-160 522
-220 587
-197 547
-172 544
-146 544
-140 537
-142 573
-171 606
-132 567
-136 581
-147 607
-145 632
-128 616
-103 626
-54 622
-72 577
-12 545
-58 563
-67 577
-73 608
-78 597
-77 610
-109 636
-124 616
-100 627
-114 630
-136 634
-149 654
-124 634
-136 655
-117 636
-91 638
-109 614
-114 614
-114 654
-124 625
-107 606
-106 606
-94 606
-110 613
-117 626
-114 617
-120 633
-107 616
-102 626
-114 636
-123 612
-110 606
-125 606
-147 630
-179 654
-173 659
-179 666
-191 685
-191 676
-176 691
-231 704
-208 714
-200 707
-213 689
-198 695
-195 686
