Br Usd
0 0
-25 12
-41 27
-44 32
-42 21
-25 23
0 7
35 -7
90 -33
101 -35
140 -81
148 -85
145 -83
117 -98
129 -114
145 -155
155 -138
191 -191
186 -197
184 -185
138 -166
122 -167
106 -158
92 -132
104 -147
141 -165
157 -176
131 -150
163 -168
157 -160
148 -161
148 -143
173 -148
173 -156
171 -146
147 -145
159 -141
173 -151
256 -198
244 -210
214 -196
201 -202
235 -197
242 -197
235 -195
231 -194
239 -198
230 -195
212 -182
198 -185
226 -200
210 -178
219 -178
189 -178
147 -156
140 -154
161 -168
122 -152
120 -155
131 -150
141 -148
125 -144
106 -148
122 -166
134 -172
134 -179
117 -202
140 -194
145 -200
143 -224
163 -260
175 -248
196 -256
166 -270
118 -262
101 -260
90 -253
48 -244
81 -241
113 -242
95 -225
74 -190
85 -220
102 -214
134 -225
136 -228
122 -218
76 -208
125 -223
113 -226
152 -221
154 -230
134 -228
136 -222
127 -212
138 -215
117 -210
92 -193
113 -207
104 -204
136 -206
170 -226
138 -215
141 -221
113 -203
124 -221
81 -227
81 -219
76 -226
88 -227
108 -225
115 -232
118 -235
108 -226
118 -227
118 -222
115 -220
138 -228
173 -239
216 -238
228 -254
226 -260
254 -265
316 -267
279 -254
304 -262
366 -266
398 -286
350 -281
417 -325
406 -332
428 -358
504 -387
590 -425
535 -364
502 -362
530 -382
466 -370
431 -348
375 -337
410 -362
438 -364
436 -375
419 -373
