Br Usd
0 0
13 13
8 8
16 -5
-2 -3
-10 -2
-30 6
-26 -24
-27 -32
-19 -34
-16 -32
-15 -33
-5 -26
-9 -34
8 -26
31 -31
14 -30
13 -29
14 -31
27 -39
36 -35
40 -38
62 -38
61 -34
63 -33
80 -35
80 -40
74 -38
73 -36
72 -47
63 -42
61 -51
58 -49
63 -50
58 -47
65 -45
59 -41
48 -22
36 -24
64 -26
56 -27
54 -25
47 -24
45 -22
57 -27
61 -23
61 -27
64 -31
57 -37
57 -27
63 -23
74 -23
86 -26
67 -28
67 -29
59 -29
66 -33
67 -34
67 -43
63 -43
56 -50
50 -54
58 -45
58 -35
66 -35
69 -31
69 -35
71 -29
57 -29
72 -31
65 -29
56 -28
45 -24
15 -23
6 -25
-5 -25
5 -22
-2 -22
-30 -24
-20 -19
-44 -17
-29 -17
-43 -1
-54 3
-30 10
-36 10
-14 -4
-16 13
-13 14
2 10
5 4
1 13
6 11
28 11
8 16
0 16
-22 17
-17 17
-6 13
-16 -4
-14 13
0 8
-9 -11
-9 13
20 13
20 14
66 -7
62 -5
42 11
43 14
35 15
2 20
-72 20
-106 15
-109 22
-130 20
-143 20
