Br Usd
0 0
-14 -13
1 -16
10 -23
4 -49
17 -73
14 -55
20 -64
28 -90
-7 -50
11 -29
1 -43
-13 -17
-3 -18
11 -15
24 -41
25 -44
17 -37
27 -29
25 -35
21 -43
21 -30
11 -18
13 -302
-24 -221
-28 -197
-18 -183
-34 -137
-35 -162
-45 -132
-41 -161
-32 -197
-34 -173
-8 -237
0 -237
-14 -271
-28 -199
-29 -248
-31 -263
-24 -279
-15 -319
-6 -286
-21 -244
-15 -294
-17 -302
-24 -292
-32 -302
-38 -290
-71 -300
-71 -292
-62 -332
-53 -323
-77 -355
-69 -356
-59 -345
-48 -300
-46 -303
-25 -318
-38 -310
-41 -314
-38 -356
-27 -328
-29 -317
-8 -340
-14 -332
-15 -330
-29 -317
-24 -261
-25 -274
-28 -259
-15 -273
-4 -270
-3 -279
29 -283
28 -266
10 -261
3 -236
11 -201
1 -207
-18 -228
-21 -220
-28 -210
4 -217
-3 -249
32 -270
27 -277
25 -268
28 -257
52 -269
39 -310
52 -330
1 -310
14 -305
15 -301
43 -301
20 -303
50 -349
57 -348
48 -356
24 -366
-6 -387
-17 -375
-13 -392
-27 -407
-34 -379
-85 -346
-87 -315
-67 -303
-92 -310
-78 -313
-64 -343
-62 -337
-62 -337
-74 -306
-84 -347
-78 -349
-81 -328
-88 -319
-87 -337
-66 -338
-78 -328
-153 -271
-154 -261
-162 -229
-153 -258
-155 -291
-164 -264
-162 -259
-151 -273
-134 -278
-137 -260
-137 -252
-137 -264
-137 -237
