Br Usd
0 0
-10 -15
-14 7
-41 50
-59 53
-99 98
-109 131
-65 82
-61 95
-49 66
-53 65
-53 59
-68 67
-76 29
-66 32
-70 -4
-107 18
-85 -10
-92 -16
-114 13
-199 49
-212 41
-241 67
-238 48
-177 21
-175 25
-187 51
-245 70
-211 78
-224 72
-197 37
-219 66
-260 81
-233 66
-246 65
-253 72
-233 75
-216 71
-184 36
-168 55
-185 76
-187 80
-165 61
-170 61
-153 48
-133 31
-150 40
-178 44
-175 56
-177 63
-168 61
-187 70
-189 77
-170 55
-187 64
-189 53
-184 74
-185 74
-150 59
-150 61
-161 64
-127 29
-143 35
-131 38
-112 36
-109 23
-167 67
-212 74
-175 82
-228 133
-231 116
-246 135
-233 190
-246 161
-277 198
-257 224
-246 211
-243 210
-240 183
-280 206
-284 214
-267 197
-270 217
-269 222
-252 220
-238 214
-270 215
-272 218
-269 218
-250 220
-280 234
-350 300
-342 296
-279 301
-316 280
-326 272
-335 307
-316 322
-299 319
-282 315
-318 287
-299 292
-282 280
-269 257
-270 264
-287 276
-286 274
-297 264
-330 279
-304 269
-284 269
-316 268
-318 266
-318 262
-384 320
-365 289
-393 318
-449 337
-440 330
-423 345
-425 340
-420 321
-410 318
-442 340
-456 370
-416 356
-420 359
-398 355
-405 342
-439 360
-481 369
-479 386
-542 393
-520 378
-564 408
-609 420
-690 437
-643 413
-620 410
-617 420
-539 388
-547 389
-535 374
-559 383
