Br Usd
0 0
0 -2
-13 -7
-16 -5
-30 -8
-23 -2
-28 -25
-20 -18
-30 -14
-31 -16
-16 -24
-6 -11
-14 -43
-30 -21
-34 -45
-27 -2
-23 120
-13 127
-17 110
-13 93
-7 91
11 37
7 52
7 80
8 80
4 109
0 103
-1 99
1 106
-1 99
-4 78
-28 106
-18 107
-17 109
-24 121
-25 116
-51 165
-62 182
-42 188
-55 194
-49 184
-44 202
-48 178
-55 199
-47 193
-51 184
-56 180
-32 168
-23 163
-54 174
-40 180
-58 182
-69 185
-89 181
-79 123
-75 127
-73 108
-88 93
-113 118
-93 113
-86 102
-81 106
-78 119
-76 120
-82 143
-81 163
-85 177
-105 193
-89 163
-96 180
-96 166
-93 175
-155 203
-140 193
-181 209
-167 203
-158 203
-157 210
-153 231
-145 241
-148 260
-136 243
-130 250
-90 211
-96 222
-47 192
-68 211
-86 221
-99 219
-119 214
-145 239
-140 258
-126 252
-155 255
-161 279
-172 316
-174 284
-175 288
-162 305
-181 303
-179 294
-174 301
-164 298
-140 294
-105 275
-131 296
-121 292
-120 306
-109 307
-130 301
-157 315
-133 306
-134 307
-119 311
-130 294
-102 291
-131 298
-113 279
-120 291
-133 279
-120 222
-105 243
-90 237
-90 216
-93 212
-95 207
-89 246
-97 241
-100 262
-89 232
-105 265
-90 263
-71 254
-76 245
-89 258
-107 269
-95 258
-88 260
-106 253
-107 256
-117 250
-114 234
-112 258
-114 265
