Br Usd
0 0
22 -4
-2 -2
13 -19
59 -27
87 -54
96 -65
118 -74
74 -66
52 -47
94 -63
63 -29
63 -42
85 -33
90 -24
162 -81
217 -115
204 -114
206 -102
223 -117
267 -169
258 -146
234 -131
250 -135
328 -189
328 -180
298 -191
306 -234
300 -288
331 -269
341 -262
354 -267
346 -248
389 -297
392 -358
405 -342
401 -337
350 -329
344 -294
350 -300
359 -274
352 -292
383 -311
354 -284
322 -260
300 -248
267 -211
263 -178
254 -224
300 -247
344 -290
359 -309
363 -328
355 -320
365 -310
405 -352
479 -381
455 -371
459 -335
451 -343
394 -301
420 -317
425 -313
387 -266
403 -262
398 -262
424 -303
431 -285
442 -306
453 -349
459 -332
413 -293
383 -292
392 -289
398 -284
372 -261
337 -234
355 -247
394 -280
422 -285
436 -264
453 -267
576 -298
532 -299
499 -310
519 -330
608 -335
571 -322
617 -335
575 -325
534 -317
597 -344
586 -351
587 -313
624 -310
562 -284
606 -277
593 -284
595 -268
641 -277
615 -271
667 -313
678 -316
694 -328
794 -341
750 -326
803 -329
759 -314
751 -310
713 -292
665 -306
670 -299
654 -287
680 -300
674 -308
703 -320
705 -313
713 -314
665 -294
652 -291
670 -301
694 -304
707 -301
696 -307
698 -319
680 -302
676 -303
663 -310
645 -306
613 -297
611 -298
597 -298
571 -296
534 -279
534 -260
554 -274
622 -290
610 -293
602 -295
604 -285
608 -291
573 -288
582 -285
602 -285
