Br Usd
0 0
42 -59
49 -59
56 -57
74 -76
52 -135
16 -105
11 -118
2 -118
40 -127
18 -135
23 -144
20 -152
52 -130
51 -141
45 -116
51 -105
60 -78
69 -110
67 -92
70 -128
69 -110
61 -113
54 -100
58 -116
60 -93
52 -95
29 -71
36 -72
42 -84
23 -80
14 -76
-14 -76
-20 -73
-13 -64
-22 -66
5 -48
-5 -59
-4 -62
4 -49
7 -59
-7 -51
-2 -59
-13 -64
-16 -76
-47 -68
-72 -74
-78 -68
-90 -76
-87 -66
-63 -59
-85 -45
-116 -10
-166 -25
-134 17
-146 85
-141 60
-123 77
-141 112
-137 77
-150 65
-154 60
-135 9
-137 27
-143 60
-143 60
-148 29
-144 28
-164 49
-179 68
-215 85
-191 77
-213 78
-226 94
-182 94
-182 109
-154 113
-181 94
-190 94
-219 88
-264 114
-256 112
-262 111
-231 95
-233 106
-242 87
-211 69
-217 90
-231 95
-217 77
-269 82
-276 94
-293 93
-314 67
-309 97
-336 94
-349 104
-349 129
-329 112
-358 111
-394 153
-405 145
-486 161
-441 204
-421 189
-424 206
-423 208
-388 212
-419 209
-412 229
-396 234
-408 255
-401 245
-414 250
-403 265
-406 289
-383 258
-354 216
-338 243
-367 238
-376 248
-394 263
-365 283
-368 311
-361 319
-334 302
-327 351
-305 365
-294 339
-298 314
-312 338
-294 316
-318 307
-350 336
-327 324
-338 335
-347 343
-356 333
-410 340
-453 361
-426 365
-441 352
-450 346
-441 355
