Br Usd
0 0
12 8
10 6
4 3
-6 2
-10 2
-29 9
-27 0
-29 6
-12 15
0 15
2 25
0 34
0 49
-2 38
4 40
15 45
19 35
22 24
16 38
5 30
12 28
8 29
0 35
10 33
-2 30
-4 30
4 34
-7 35
4 33
13 24
10 27
30 29
39 17
38 -32
48 -52
34 -10
8 -26
17 -15
28 -11
15 -29
21 -45
22 -21
17 -18
38 -22
48 -29
44 -32
69 -44
67 -30
56 -24
71 -16
59 -16
52 -26
53 -36
24 -29
36 -31
30 -17
41 -21
41 -6
47 -11
30 11
30 2
25 0
35 5
44 8
57 -3
63 -10
67 -2
54 -3
58 3
46 8
58 9
65 23
68 30
59 27
42 47
44 63
31 63
44 60
50 78
56 101
53 98
56 102
65 114
68 136
87 113
71 104
97 125
99 135
97 117
117 125
139 116
188 94
182 90
222 76
236 75
260 81
251 88
228 94
206 105
200 130
113 148
134 137
166 140
133 123
157 127
149 128
148 123
179 120
168 122
172 126
176 132
174 135
182 128
168 126
172 134
147 132
153 135
144 141
147 131
144 132
138 137
189 134
163 134
184 132
157 142
154 139
145 137
182 130
142 126
144 137
