Br Usd
0 0
4 47
3 20
-1 35
-3 25
-9 16
-1 12
-27 36
-14 30
-23 28
-13 32
-4 75
-9 65
-10 86
-7 86
-10 82
-17 89
-11 88
-20 92
-22 85
-19 87
-16 72
-23 73
-20 39
-13 36
3 30
10 38
-1 34
-1 45
0 32
-6 33
-10 44
-10 50
-9 45
-27 40
-14 38
-9 46
-16 40
-20 48
-22 65
-10 68
-33 68
-29 81
-19 67
-29 76
-46 71
-44 85
-42 75
-33 74
-43 75
-40 68
-32 61
-14 73
-13 60
-19 80
-10 82
-13 72
-11 89
-6 80
-4 56
-4 66
-11 58
-7 91
-1 76
-1 47
-16 75
-17 77
0 98
22 107
10 112
26 105
0 103
-14 108
-11 102
-23 108
-10 110
-13 103
-11 96
-23 107
-32 110
-66 123
-83 118
-63 122
-60 142
-76 -37
-62 -45
-98 13
-76 30
-98 24
-99 28
-128 -33
-145 -37
-126 -29
-113 -37
-103 -37
-96 -24
-88 -65
-96 -49
-95 -74
-111 -103
-105 -107
-106 -92
-90 -96
-73 -122
-70 -124
-62 -124
-66 -110
-34 -94
-34 -67
-52 -90
-53 -67
-36 -62
0 -74
-4 -68
10 -100
4 -97
17 -122
20 -127
17 -95
10 -91
34 -120
20 -114
60 -122
50 -112
67 -103
47 -131
30 -111
32 -99
9 -106
6 -133
13 -133
11 -136
9 -136
22 -122
11 -135
44 -139
-23 -122
-46 -113
-52 -120
-59 -122
-66 -112
-66 -129
