Br Usd
0 0
8 -16
9 -31
-32 -7
-49 0
-70 0
-91 16
-84 79
-61 90
-72 96
-84 150
-74 185
-61 156
-36 130
-61 155
-65 176
-78 169
-106 185
-186 285
-205 268
-217 302
-258 317
-209 317
-224 309
-218 335
-222 347
-218 353
-196 390
-209 391
-211 356
-194 374
-171 420
-150 415
-171 416
-177 361
-192 350
-179 343
-167 338
-142 338
-148 236
-160 263
-141 264
-122 244
-99 223
-103 238
-103 237
-72 194
-101 203
-116 178
-114 197
-82 211
-80 233
-91 217
-66 228
-66 217
-70 216
-101 211
-141 225
-110 215
-108 212
-80 195
-91 215
-122 218
-137 238
-148 244
-129 226
-120 217
-91 218
-108 207
-150 224
-163 224
-188 218
-203 231
-123 211
-129 227
-180 231
-160 223
-152 198
-122 188
-122 179
-129 163
-125 207
-106 223
-104 224
-91 254
-40 211
-15 195
8 176
-44 195
-53 211
-74 195
-103 218
-114 211
-108 203
-108 163
-99 80
-123 57
-198 65
-180 98
-179 142
-154 87
-196 106
-224 128
-194 195
-258 215
-255 154
-226 187
-234 169
-236 190
-300 234
-287 252
-281 260
-270 254
-279 267
-256 244
-243 246
-230 233
-260 242
-264 242
-247 228
-253 238
-264 244
-285 255
-289 259
-292 244
-306 267
-327 298
-344 307
-340 301
-387 322
-367 309
-365 316
-365 312
-395 308
-359 335
-403 332
-368 325
-327 316
-270 278
-281 243
-275 258
-264 244
-256 259
-253 244
