Br Usd
0 0
-50 24
-70 9
-39 -13
-46 -6
-26 -34
-55 -20
0 -23
-15 -2
-7 4
14 -8
130 -43
137 -46
84 -31
79 -15
31 -8
63 -29
92 -25
91 -32
73 -11
63 -6
53 -13
72 -4
67 23
99 30
108 34
147 19
157 15
128 29
128 23
140 21
150 15
190 10
202 12
145 36
140 24
152 37
103 105
104 81
111 99
113 93
101 146
130 141
147 140
156 119
164 100
157 124
145 109
116 133
113 134
132 119
77 118
96 103
87 115
73 124
89 119
103 122
80 143
34 164
38 163
24 190
46 195
38 189
38 179
60 161
62 138
67 157
24 169
32 167
62 157
111 135
108 143
126 144
63 158
63 192
62 206
24 219
-15 195
-5 184
31 192
36 173
15 184
41 162
65 173
73 166
62 169
63 164
67 146
32 153
44 152
43 137
65 149
32 151
15 141
24 143
10 159
7 159
-27 172
-12 164
24 146
5 158
36 148
15 161
31 166
26 173
39 166
48 169
65 166
77 165
99 163
70 168
79 174
68 182
94 180
137 163
145 156
200 83
169 115
188 121
164 143
169 136
181 151
109 173
91 198
104 195
79 203
104 197
72 178
55 189
72 192
48 199
-38 203
5 208
-2 207
-65 231
-36 235
12 212
38 216
21 224
9 222
5 219
19 207
17 210
24 178
