Br Usd
0 0
-10 -8
-14 -4
-12 6
-14 8
-23 8
-24 11
-18 17
-20 16
-5 16
2 20
17 32
23 27
8 30
1 36
22 35
32 29
38 33
47 31
63 24
64 32
66 30
51 33
60 30
17 34
20 50
34 48
22 50
44 48
51 57
44 63
54 58
57 71
55 70
43 62
37 74
34 78
46 80
49 71
48 63
41 72
36 80
26 78
32 81
29 68
25 92
19 106
29 106
40 140
25 142
28 129
22 121
20 127
24 140
22 164
14 155
6 166
5 180
-10 179
-13 177
-1 161
-18 158
-5 165
7 170
11 179
-6 192
-5 191
-37 177
-49 180
-34 171
-25 167
-20 162
-29 169
-28 169
-24 170
-12 170
-26 145
-23 156
-18 158
-25 147
-35 162
-13 156
-24 180
-48 174
-34 178
-51 197
-42 228
-51 235
-30 249
-20 258
-31 297
-22 321
-32 296
-30 232
-29 255
-16 263
-14 296
-22 300
-29 284
-31 304
-31 305
-29 317
-14 315
-11 309
-4 315
-7 289
-13 292
0 286
-5 303
-8 290
10 295
8 311
31 314
40 299
37 300
23 300
17 289
29 293
34 269
41 260
38 268
26 298
31 305
46 296
41 292
43 302
47 302
41 316
23 315
29 319
10 324
7 324
8 324
8 319
14 313
40 313
38 313
37 317
36 317
32 324
