Br Usd
0 0
-6 29
-17 40
-4 127
-11 98
-7 101
-2 105
18 97
35 106
28 88
17 60
25 62
20 -8
22 5
27 32
29 25
23 9
19 -46
24 -110
33 -172
29 -125
24 -100
18 -60
33 -96
27 -183
58 -132
49 -133
61 -214
72 -223
63 -224
61 -211
53 -177
55 -201
59 -180
71 -156
86 -172
81 -204
76 -187
76 -218
74 -197
74 -263
65 -252
78 -266
75 -268
64 -290
71 -306
65 -365
64 -394
61 -433
66 -429
76 -364
67 -412
69 -408
80 -412
98 -372
135 -387
135 -348
153 -312
145 -277
141 -245
131 -300
133 -345
135 -345
145 -384
145 -366
152 -329
136 -301
128 -329
122 -341
116 -289
112 -270
124 -322
139 -313
130 -329
116 -328
106 -343
95 -327
108 -293
113 -261
102 -282
163 -295
141 -296
143 -236
130 -243
129 -225
159 -216
140 -204
131 -188
141 -235
143 -256
124 -251
124 -257
133 -277
123 -260
129 -237
142 -246
163 -238
152 -255
140 -277
120 -263
123 -273
117 -245
131 -256
158 -266
133 -262
155 -265
152 -256
136 -258
133 -256
147 -279
145 -282
128 -260
145 -238
152 -252
143 -253
151 -232
154 -229
151 -230
137 -251
136 -251
133 -263
153 -254
159 -263
143 -260
151 -252
137 -255
130 -246
131 -246
113 -259
107 -244
107 -236
102 -254
104 -249
96 -249
116 -248
114 -254
112 -254
112 -254
112 -256
