Br Usd
0 0
-49 22
-20 38
-18 67
-18 49
-53 18
-33 -7
-16 -13
-29 -42
-18 -80
-6 -50
33 -87
33 -106
16 -169
16 -207
29 -129
8 -103
-8 -87
-25 -72
-74 -40
-63 -56
-61 -102
-33 -23
-4 -64
-25 -57
-14 -135
23 -123
14 -121
2 -102
-4 -62
2 -78
-12 -53
16 -40
12 -9
41 -43
51 -52
39 -63
20 -38
10 -20
25 -64
35 -73
33 -73
47 -89
82 -123
105 -112
102 -130
84 -125
63 -127
63 -93
78 -112
51 -82
27 -66
14 -91
-16 -68
12 -65
33 -72
59 -96
55 -85
59 -72
66 -72
66 -77
64 -66
41 -52
53 -72
61 -77
74 -96
61 -116
23 -116
45 -128
29 -117
33 -100
41 -119
47 -124
14 -155
-6 -179
-41 -163
-57 -162
-43 -226
-105 -229
-72 -221
-74 -253
-27 -234
10 -240
-10 -248
-16 -253
10 -265
33 -342
37 -326
16 -344
-21 -349
-72 -364
-57 -290
-20 -309
-27 -322
-33 -282
-66 -247
-35 -290
-53 -298
-47 -289
-29 -263
20 -299
-31 -286
-55 -303
-51 -282
-33 -318
-78 -290
-66 -306
-76 -306
-61 -283
-63 -258
-86 -243
-64 -217
-61 -245
-39 -251
-27 -263
-47 -240
-63 -230
-64 -238
-74 -225
-68 -213
-78 -225
-82 -225
-59 -225
-39 -243
-59 -243
-57 -231
-53 -239
-72 -243
-84 -249
-98 -250
-143 -217
-182 -205
-225 -198
-238 -206
-174 -211
-213 -225
-168 -241
-125 -250
-45 -274
-49 -276
-63 -275
-59 -274
-66 -277
-72 -294
