Br Usd
0 0
-7 -12
-31 -15
-25 -28
-13 8
-25 -10
-44 -5
-29 -5
-38 4
-38 6
-35 14
-29 9
-26 7
-19 1
-33 10
-25 9
-25 10
-19 14
-29 38
-26 40
-54 44
-125 42
-92 50
-105 57
-112 61
-106 57
-109 41
-103 50
-109 45
-109 43
-97 43
-86 44
-95 57
-79 57
-95 51
-108 54
-96 53
-95 55
-105 48
-103 57
-112 59
-111 61
-108 60
-127 62
-125 61
-132 69
-129 43
-138 47
-164 53
-186 63
-220 57
-202 15
-185 -5
-198 -3
-189 1
-170 2
-182 5
-182 25
-170 28
-167 35
-164 48
-164 60
-132 45
-124 26
-144 25
-141 19
-164 14
-159 18
-160 3
-182 10
-167 10
-163 -1
-166 1
-141 16
-131 11
-119 9
-127 10
-125 26
-141 6
-141 10
-143 1
-141 13
-156 14
-153 3
-154 2
-183 33
-177 45
-173 53
-151 47
-154 51
-147 51
-160 38
-186 40
-201 41
-240 40
-227 40
-217 42
-228 53
-233 57
-278 70
-287 63
-260 64
-256 66
-257 72
-272 70
-342 78
-303 77
-308 79
-304 79
-273 75
-278 67
-284 88
-294 81
-292 93
-303 89
-305 83
-303 82
-314 78
-308 87
-285 83
-282 80
-263 76
-284 80
-292 76
-273 70
-285 68
-275 79
-281 79
-260 78
-252 75
-275 80
-253 75
-294 53
-330 74
-307 76
-313 79
-307 79
-300 76
-294 79
-282 76
-288 63
-284 69
