Br Usd
0 0
-5 -38
-38 -27
-14 -40
12 -53
3 -11
10 -19
20 -23
-10 -13
-2 -35
-10 -50
-14 -55
-7 -47
0 -34
17 -34
-2 -32
26 -38
17 -17
17 -12
5 1
-2 6
-2 8
12 -29
10 -2
-9 9
-34 15
-9 30
-22 52
-7 73
14 50
24 54
24 43
53 35
51 33
38 45
29 63
34 61
80 57
85 45
89 28
56 46
55 54
75 51
61 51
70 51
61 61
87 60
85 80
113 56
114 42
108 68
147 58
184 41
164 51
147 70
102 76
85 81
101 76
102 97
108 78
94 66
109 70
101 71
87 88
104 83
138 84
120 80
123 75
111 73
114 81
96 82
84 83
102 63
147 28
147 6
137 9
123 17
145 3
157 6
150 13
169 -20
157 1
126 6
120 7
142 -4
114 1
97 -19
114 -32
142 -33
155 -28
155 -24
195 0
186 -36
169 -28
159 -26
125 -25
130 -7
147 -22
162 -19
191 -28
162 -26
171 -30
154 -22
123 -16
106 -2
121 -14
140 -16
157 -12
154 -7
157 -7
145 -8
149 -10
149 -6
138 6
138 9
155 4
159 0
135 7
142 7
133 9
133 8
154 1
162 -7
155 -5
157 -11
162 -19
154 -12
164 -11
161 -12
234 -43
272 -64
287 -54
266 -53
258 -54
227 -31
198 -26
181 -26
137 -29
159 -28
154 -19
143 -17
138 -11
111 -10
106 1
