Br Usd
0 0
2 11
-20 47
-14 45
-10 23
2 21
-4 -1
-8 -30
-18 29
-43 15
-31 16
4 26
-14 102
-51 114
-71 109
-73 117
-61 81
-100 82
-124 109
-102 120
-84 130
-75 143
-100 130
-90 110
-102 138
-76 122
-76 115
-41 122
-45 134
-37 122
-41 109
-71 116
-84 133
-78 115
-73 113
-82 121
-73 120
-71 117
-65 114
-69 92
-41 103
-45 78
-39 38
-47 56
-80 97
-96 119
-100 119
-104 97
-88 96
-71 97
-65 66
-88 98
-80 81
-100 84
-100 84
-96 89
-112 86
-110 96
-106 92
-141 103
-139 128
-118 114
-129 119
-133 120
-124 121
-114 116
-133 138
-118 144
-163 158
-163 163
-141 149
-155 130
-131 121
-104 143
-122 130
-122 111
-126 105
-126 99
-116 87
-143 102
-139 87
-122 70
-165 64
-175 64
-180 68
-159 40
-151 -12
-155 8
-171 -3
-155 -8
-177 -12
-182 25
-200 35
-198 25
-218 15
-204 37
-239 73
-312 97
-292 109
-361 171
-357 187
-328 158
-377 150
-337 156
-320 153
-324 148
-339 162
-331 165
-329 174
-320 170
-298 163
-282 114
-259 114
-290 120
-286 109
-314 147
-300 139
-275 143
-280 146
-304 154
-306 150
-316 138
-300 137
-286 126
-273 138
-251 122
-271 120
-226 110
-212 94
-200 92
-186 68
-169 56
-190 68
-206 84
-163 72
-69 60
-53 60
-129 79
-163 79
-186 102
-178 92
-161 84
-177 87
-165 84
