Br Usd
0 0
18 0
3 -1
11 -1
-2 -1
11 -5
-14 -6
-21 4
-2 7
14 4
36 -1
67 4
32 -4
70 0
97 -5
83 -15
67 -8
91 -21
89 -28
76 -11
80 -4
71 5
98 1
100 1
94 1
85 -5
111 1
142 -5
132 -3
129 -4
120 -11
80 -4
100 -1
121 -5
129 -5
148 -7
163 -4
153 -7
167 -9
176 -12
182 -27
179 -20
165 -21
162 -16
148 -15
144 -8
142 -7
151 -7
160 -5
183 -16
179 -14
179 -18
156 -10
156 -14
150 -18
160 -20
154 -29
118 -16
109 -14
130 -10
141 -13
144 -12
153 -17
170 -14
157 -9
147 -8
135 -6
133 -7
126 -5
135 -6
120 -8
141 -9
124 -3
144 -9
109 -8
95 -13
109 -11
59 -12
36 -7
44 -12
15 -5
30 -10
59 -9
53 -8
82 -7
76 -9
77 -8
115 -7
127 -7
104 -10
82 -7
77 -8
115 -6
124 -4
114 -5
106 3
111 3
160 0
157 -6
167 -15
168 -7
177 -14
165 -10
163 -3
156 -5
154 -7
163 -5
170 -3
160 0
159 1
171 3
179 2
123 8
114 6
124 8
112 8
124 12
117 0
130 1
101 -3
98 -7
70 3
67 8
62 8
80 8
83 8
97 8
80 11
86 9
101 14
106 1
91 8
106 2
109 9
147 4
170 2
157 -2
167 -2
173 -2
167 -8
153 -5
