Br Usd
0 0
27 37
17 29
9 35
2 42
-14 55
-10 75
7 69
-10 67
-12 58
-14 45
-14 53
2 50
0 55
-9 62
5 52
10 48
7 46
15 26
58 19
31 35
39 31
31 42
55 35
78 11
84 26
85 27
56 41
39 43
43 50
56 53
67 48
80 57
77 67
51 54
63 60
70 56
77 53
55 78
61 71
51 66
49 87
78 61
85 65
75 83
68 85
73 88
85 90
82 84
94 73
92 67
126 49
143 39
119 52
133 54
107 55
136 52
133 54
121 59
99 77
94 78
97 90
114 89
113 78
114 91
128 101
116 87
109 87
85 88
106 101
111 89
114 85
121 85
123 93
150 93
138 78
131 78
136 76
136 77
126 86
84 96
73 96
80 93
67 98
49 127
60 147
43 139
29 136
2 137
-43 136
-49 136
-32 122
-46 135
-29 134
-27 154
-41 133
-15 128
-56 134
-55 138
-49 130
-39 135
-118 144
-95 148
-67 135
-113 150
-121 153
-94 137
-87 137
-121 135
-109 136
-113 136
-73 132
-75 137
-60 129
-65 130
-63 127
-60 126
-58 127
-73 135
-87 129
-58 131
-73 136
-78 147
-78 142
-87 143
-145 150
-143 172
-128 159
-143 194
-167 196
-184 204
-196 215
-223 226
-181 211
-211 213
-200 218
-203 216
-235 218
-184 205
-177 206
-171 203
-177 198
-181 203
-189 189
