Br Usd
0 0
-9 4
-30 17
-8 21
3 20
8 24
-5 28
12 28
11 19
26 20
18 4
8 8
9 10
5 9
18 4
-5 4
-2 11
8 15
20 15
18 20
20 13
9 11
3 12
-12 12
-24 12
-15 14
-9 11
-30 12
-29 16
-42 18
-41 18
-33 18
-23 22
-24 22
-2 19
6 17
18 22
15 22
17 21
0 20
8 13
-11 18
-12 13
-21 8
-17 6
-29 11
-26 13
-35 15
-36 6
-30 4
-18 -3
-6 2
-6 -1
-23 1
-21 2
-24 3
-14 5
-21 3
-41 8
-35 10
-30 15
-32 15
-23 13
-30 1
-30 7
-35 9
-38 8
-6 7
9 9
-5 6
-18 8
-44 10
-41 8
-66 11
-97 21
-78 33
-53 36
-66 40
-57 36
-62 42
-95 46
-88 71
-131 69
-121 72
-113 74
-130 70
-122 67
-94 66
-95 74
-81 69
-98 67
-190 84
-217 86
-226 96
-217 89
-232 81
-207 85
-220 89
-228 89
-252 97
-269 102
-255 97
-279 102
-285 103
-293 105
-308 104
-320 108
-321 102
-291 105
-303 104
-306 100
-306 105
-308 100
-302 107
-303 107
-281 100
-282 108
-278 106
-243 104
-211 98
-234 98
-237 103
-237 89
-251 89
-261 108
-273 102
-270 107
-306 107
-299 104
-297 95
-296 96
-305 100
-305 103
-320 107
-332 102
-284 106
-260 105
-252 107
-258 100
-254 107
-249 107
-238 104
