Br Usd
0 0
-14 13
-28 42
-28 31
-24 31
-4 -2
-7 -15
9 -12
45 -30
55 -13
61 -68
56 -39
49 -35
51 -30
51 -32
53 -74
61 -108
78 -107
63 -119
78 -116
75 -130
109 -148
95 -154
90 -147
103 -177
116 -171
123 -166
116 -145
123 -166
131 -163
126 -144
115 -157
134 -163
138 -168
150 -173
131 -181
132 -171
116 -141
116 -146
127 -119
121 -115
128 -121
132 -129
129 -126
122 -106
132 -102
131 -104
131 -104
132 -127
121 -106
122 -104
115 -99
125 -87
116 -72
115 -70
131 -70
137 -52
131 -54
127 -54
115 -94
109 -83
116 -79
126 -76
121 -78
128 -84
122 -91
115 -90
109 -95
103 -96
102 -100
94 -98
96 -99
83 -111
95 -112
78 -107
83 -102
91 -102
94 -107
104 -104
88 -104
83 -109
90 -102
57 -82
56 -76
42 -78
0 -56
12 -71
18 -69
5 -71
-13 -58
-4 -54
-6 -31
7 -24
11 -37
7 -32
5 -28
13 -39
-8 -35
-23 -43
-53 -39
-33 -49
-38 -50
-44 -48
-56 -54
-87 -47
-82 -54
-75 -46
-90 -44
-119 -49
-129 -50
-121 -46
-133 -39
-121 -47
-100 -39
-107 -29
-112 -47
-102 -17
-104 -22
-87 -39
-100 -47
-119 -46
-118 -49
-119 -33
-114 -39
-127 -55
-110 -50
-102 -50
-127 -47
-129 -32
-139 -40
-150 -37
-148 -19
-154 -37
-157 -39
-154 -33
