Br Usd
0 0
-19 -8
-16 7
3 4
-7 5
-26 -5
-12 -11
16 -12
19 -19
23 -28
16 -24
16 -25
16 -27
5 -16
17 -23
9 -72
17 -84
2 -69
-3 -61
-2 -63
-71 -46
-88 -35
-135 -27
-114 -33
-116 -36
-83 -37
-97 -26
-128 -30
-144 -26
-156 -19
-170 -23
-182 -28
-190 -24
-175 -31
-158 -26
-147 -21
-154 -25
-142 -27
-126 -28
-133 -21
-125 -27
-145 -30
-151 -35
-152 -37
-178 -40
-171 -51
-151 -45
-137 -65
-106 -75
-132 -59
-145 -57
-132 -64
-111 -54
-109 -61
-133 -51
-95 -53
-90 -61
-81 -62
-90 -69
-102 -62
-114 -61
-118 -64
-132 -56
-116 -57
-142 -61
-156 -58
-138 -39
-154 -40
-175 -42
-149 -47
-154 -41
-192 -36
-201 -31
-180 -36
-241 -16
-253 -14
-258 6
-260 2
-228 -9
-235 3
-241 -3
-260 -1
-296 61
-332 60
-332 44
-324 43
-301 37
-287 28
-310 39
-331 30
-358 45
-384 52
-367 52
-327 52
-334 54
-320 53
-310 64
-277 52
-299 34
-287 -34
-289 -16
-230 -42
-237 -49
-246 -40
-249 -36
-267 -23
-280 6
-273 -36
-270 -46
-258 -48
-235 -45
-248 -30
-222 -52
-199 -79
-185 -49
-199 -50
-206 -58
-237 -72
-241 -64
-251 -61
-241 -64
-267 -67
-286 -60
-301 -61
-306 -66
-306 -75
-279 -89
-282 -93
-293 -72
-322 -66
-315 -57
-317 -81
-284 -97
-277 -93
-294 -114
-280 -105
-299 -103
-289 -107
-329 -89
-305 -120
-291 -123
-293 -129
-286 -170
-291 -158
