Br Usd
0 0
-9 8
-6 6
-17 5
-2 26
25 21
14 23
34 22
29 18
54 15
57 17
63 17
57 26
53 30
29 30
31 38
29 38
25 30
45 32
42 31
49 26
40 25
19 17
39 20
46 21
32 27
36 12
29 13
40 -6
40 18
62 20
56 49
56 71
56 72
65 85
62 71
63 87
60 90
62 85
60 97
54 97
53 90
53 94
71 87
80 87
80 87
96 63
86 28
83 -22
86 13
70 26
73 50
65 45
70 64
60 61
45 85
56 74
65 81
65 75
36 73
17 88
-5 89
-8 82
-26 82
-62 80
-53 76
-43 78
-19 72
-46 80
-102 87
-83 85
-86 91
-102 92
-116 91
-82 108
-68 149
-53 145
-45 127
-73 134
-42 134
-28 135
-37 131
-39 132
-56 129
-62 140
-77 145
-60 167
-39 158
-43 174
-39 169
-22 159
31 142
71 148
54 155
46 150
39 155
2 164
8 175
-19 191
-12 183
2 173
-3 168
-23 180
36 177
25 175
14 173
2 177
28 171
32 171
45 165
14 173
17 177
0 182
-3 179
22 179
-25 185
-23 200
-3 190
-20 195
-31 208
-6 204
6 204
19 197
2 189
3 193
-6 195
-22 189
-26 194
-39 189
-45 186
-56 193
-70 191
-85 198
-76 202
-105 200
-83 200
-83 199
-86 198
-108 208
-120 234
-122 235
-134 235
-139 261
-131 316
