Br Usd
0 0
-12 4
-61 2
-69 15
-82 30
-68 35
-58 44
-42 37
-41 36
-34 22
-46 19
-34 37
-39 37
-5 37
0 59
22 68
21 76
29 92
22 78
21 102
23 96
22 105
21 104
19 97
27 115
23 133
22 153
17 154
-18 110
-16 93
-22 99
-13 92
-16 125
-7 133
-7 120
-13 112
-10 128
-10 128
-21 125
-27 126
-24 144
-29 144
-8 124
0 147
-5 136
-13 154
-6 153
-1 186
16 191
17 187
16 185
6 180
22 205
23 202
15 207
10 194
16 146
12 98
2 117
10 89
18 113
38 137
36 124
31 139
24 152
25 112
29 112
11 122
12 151
17 125
18 118
-6 102
-16 93
-10 117
-27 110
-41 137
-38 107
-39 109
-34 116
-33 120
-28 112
-31 119
-19 107
-16 107
-19 89
-18 78
-19 86
-44 87
-36 89
-29 97
-45 89
-62 109
-64 102
-73 108
-75 100
-85 104
-94 116
-119 125
-139 145
-142 150
-107 159
-111 145
-69 154
-86 165
-87 165
-93 134
-84 146
-79 144
-68 143
-46 137
-53 133
-64 139
-62 135
-61 113
-47 111
-59 105
-69 111
-77 104
-96 117
-77 123
-79 124
-69 118
-81 111
-77 122
-68 119
-48 107
-38 107
-28 119
-30 86
-25 91
-29 99
-38 100
-41 99
-39 89
-39 79
