Br Usd
0 0
23 1
42 -7
69 10
70 14
48 15
51 13
49 21
92 10
97 16
100 30
81 29
90 41
93 27
90 -135
55 -76
81 -125
99 -224
102 -231
88 -217
97 -216
97 -209
109 -224
81 -196
90 -200
69 -217
69 -204
63 -214
81 -208
95 -205
107 -210
58 -185
33 -155
39 -175
51 -173
55 -120
58 -95
23 -42
41 -42
48 -81
41 -69
44 -72
72 -76
85 -82
48 -82
28 -86
30 -89
37 -95
56 -79
74 -91
85 -94
102 -112
95 -100
93 -111
70 -83
86 -70
74 -77
81 -82
83 -85
76 -72
70 -48
42 -6
26 25
37 41
18 2
2 -37
30 -34
42 3
44 34
37 30
26 39
19 43
5 39
28 42
72 10
90 32
100 44
109 42
152 11
180 11
215 -16
171 -5
217 -22
220 -42
208 -83
167 -27
159 -28
127 -24
137 -34
173 -30
146 -33
152 -28
187 -33
285 -57
226 -42
197 -42
208 -27
234 -49
234 -42
284 -67
298 -77
271 -72
240 -69
250 -61
270 -79
275 -93
303 -96
301 -101
345 -102
375 -102
338 -92
317 -96
337 -100
352 -117
333 -114
344 -104
345 -108
301 -90
331 -106
338 -103
335 -108
349 -102
347 -92
363 -104
389 -116
374 -107
395 -93
356 -83
379 -99
337 -66
321 -78
338 -87
333 -93
349 -87
393 -105
456 -104
405 -95
388 -102
451 -97
435 -101
441 -108
430 -114
453 -117
511 -127
