Br Usd
0 0
35 -7
35 -5
45 -2
27 -2
21 -1
8 -1
21 -2
37 2
39 16
56 -1
66 0
68 3
49 5
16 0
37 -3
43 -11
51 -21
68 -21
60 -27
47 -24
58 -44
51 -38
47 -35
45 -20
56 -14
53 -25
37 -24
43 -31
51 -26
47 -32
68 -35
45 -51
31 -35
33 -36
31 -38
14 -49
-19 -40
-2 -40
25 -44
16 -53
47 -50
43 -63
31 -95
41 -102
45 -95
53 -108
62 -93
53 -129
49 -100
45 -124
29 -103
45 -98
43 -90
47 -71
37 -67
6 -57
0 -54
4 -47
14 -46
-14 -49
-16 -41
-19 -44
-16 -47
-14 -36
-23 -28
-33 -11
-68 -3
-60 6
-47 19
-66 24
-84 4
-68 16
-25 -3
-10 -10
-29 18
-25 0
-45 11
-35 8
-53 12
-99 19
-95 22
-142 48
-144 57
-179 62
-165 76
-160 51
-173 74
-148 64
-154 39
-208 56
-220 60
-230 48
-251 37
-265 16
-239 20
-218 12
-230 12
-230 16
-243 3
-226 1
-171 10
-171 21
-173 24
-167 27
-183 39
-235 39
-224 36
-181 16
-173 10
-191 22
-212 16
-224 27
-195 19
-210 19
-183 14
-189 23
-191 16
-195 19
-202 23
-212 16
-185 15
-158 15
-160 2
-156 2
-189 -1
-189 2
-175 -16
-183 -8
-177 -16
-208 -14
-200 -5
-226 8
-208 6
-177 0
-226 10
-237 23
-218 29
-224 29
-245 32
-274 40
-257 48
-249 40
-245 38
