Br Usd
0 0
-6 13
-17 37
-5 60
-44 60
-53 82
-61 85
-52 108
-42 123
-52 8
-33 75
-27 94
-27 75
-41 97
-41 78
-50 82
-102 112
-83 107
-83 107
-94 110
-94 109
-83 108
-50 97
-61 90
-27 80
-30 92
-25 87
-33 90
-47 93
-28 100
-52 98
-58 123
-60 120
-82 121
-85 115
-82 115
-71 118
-67 137
-49 106
-52 146
-56 128
-63 141
-64 126
-45 127
-38 113
-39 110
-14 92
-9 111
-27 117
-27 113
-19 127
-24 115
-19 116
-24 111
-24 115
-39 104
-61 109
-50 97
-60 90
-66 96
-67 95
-52 61
-71 71
-66 88
-61 67
-85 80
-71 73
-56 76
-67 76
-102 82
-116 113
-133 107
-140 103
-126 109
-143 127
-141 117
-116 108
-110 110
-118 107
-133 106
-122 91
-138 85
-126 94
-127 83
-126 102
-138 104
-110 102
-133 110
-132 110
-129 125
-129 112
-118 124
-144 120
-129 122
-147 124
-166 116
-195 116
-213 133
-217 143
-198 155
-215 166
-204 164
-207 184
-201 175
-201 176
-267 180
-301 184
-257 219
-260 242
-246 258
-254 265
-257 288
-213 254
-231 244
-212 237
-210 238
-199 235
-201 235
-171 207
-187 235
-209 247
-229 245
-234 250
-224 242
-220 246
-226 263
-237 263
-248 253
-260 245
-235 245
-207 233
-210 235
-195 236
-210 228
-238 239
-226 226
-220 236
-227 237
-251 231
-254 244
-271 232
-281 242
-267 240
-276 235
