Br Usd
0 0
-2 9
-2 13
28 28
24 27
12 28
26 26
9 22
16 16
10 17
-6 16
6 22
9 21
9 16
-2 16
7 16
17 18
27 0
15 15
16 19
13 8
7 13
22 15
13 12
26 16
24 10
20 9
37 10
37 0
29 3
39 -5
40 -6
43 -2
50 3
60 3
56 14
51 13
46 9
40 10
44 22
34 30
23 31
31 29
37 17
38 14
27 17
26 24
23 38
16 31
10 29
6 19
1 14
11 13
1 -4
5 7
1 11
9 10
12 -2
6 -7
15 -4
23 -6
-1 -5
-1 -8
2 -8
12 -6
7 -24
6 -2
5 -1
12 0
27 3
39 2
24 2
10 6
-5 -2
-12 -7
-6 -21
0 -13
18 -16
16 -30
-10 -48
23 -69
15 -107
20 -90
27 -82
13 -111
4 -110
12 -118
26 -123
20 -131
12 -123
23 -138
24 -151
6 -160
-4 -147
-13 -154
-38 -144
-21 -138
-27 -149
-6 -148
11 -162
20 -160
26 -164
15 -162
18 -165
31 -159
27 -159
44 -155
26 -138
40 -130
59 -138
56 -127
43 -133
40 -125
26 -123
22 -124
23 -116
32 -116
40 -115
35 -125
29 -140
43 -143
33 -143
22 -138
-1 -136
10 -138
13 -138
-1 -131
1 -131
-10 -131
-11 -137
-24 -134
-32 -133
-6 -133
-60 -134
-88 -131
-114 -118
-97 -112
-97 -111
-116 -107
-127 -102
