Br Usd
0 0
-4 11
33 4
53 4
37 -21
97 -18
71 -25
82 -30
86 -42
95 -40
97 -42
104 -58
104 -65
154 -68
174 -65
196 -69
110 -68
95 -42
33 -17
44 -2
77 -16
119 -13
104 -14
121 -8
115 -4
126 -7
134 2
161 -4
156 -9
178 -7
170 -11
209 -19
240 -11
181 7
167 -10
143 -6
71 -5
40 3
4 27
53 33
59 59
71 58
71 88
95 76
90 58
73 52
93 57
119 50
97 42
128 59
117 58
143 67
145 89
143 96
104 91
104 92
117 96
112 96
106 98
82 133
51 145
59 135
77 172
99 150
73 164
99 191
112 194
79 194
51 196
44 193
42 190
46 202
79 200
172 180
170 158
143 170
128 128
194 148
187 120
242 96
181 111
152 81
156 73
165 86
203 95
145 53
108 48
117 104
141 87
178 75
183 73
200 62
185 35
163 53
165 42
126 88
106 73
101 64
101 73
48 88
48 85
64 111
121 105
132 102
143 124
159 108
170 102
163 96
154 102
163 101
172 96
176 105
178 96
165 108
132 111
117 121
117 122
139 114
159 88
141 110
137 107
108 110
108 110
128 106
139 105
132 103
88 119
62 116
53 124
93 115
117 120
132 113
137 116
90 122
84 122
59 135
99 125
145 128
271 89
251 102
231 98
247 106
229 97
231 79
