Br Usd
0 0
-20 23
12 9
32 -5
15 -2
23 2
75 -26
68 -43
63 -43
57 -47
62 -55
63 -79
33 -60
30 -61
50 -69
17 -85
-5 -73
-27 -66
-10 -72
-23 -70
-5 -73
5 -72
18 -86
18 -80
25 -82
33 -103
5 -87
17 -86
20 -72
45 -79
63 -104
57 -95
52 -95
40 -86
33 -85
32 -87
35 -84
38 -89
27 -91
35 -86
82 -89
67 -83
73 -89
75 -86
40 -75
67 -54
57 -72
63 -81
65 -86
52 -83
48 -81
33 -86
30 -78
17 -80
18 -65
27 -55
30 -61
52 -77
78 -82
165 -124
223 -180
222 -225
202 -202
193 -184
213 -204
243 -217
220 -224
279 -241
254 -312
237 -281
222 -280
220 -292
223 -295
183 -264
217 -263
215 -250
228 -280
213 -255
212 -238
202 -260
202 -268
198 -263
267 -275
228 -272
200 -281
215 -300
227 -268
255 -269
250 -279
228 -280
225 -292
230 -299
254 -290
255 -295
250 -303
233 -318
254 -340
282 -346
248 -346
200 -356
185 -328
177 -323
233 -329
215 -315
255 -332
237 -318
235 -311
207 -315
197 -314
202 -323
213 -318
193 -298
212 -303
232 -320
232 -303
240 -309
248 -304
265 -319
242 -316
240 -318
247 -321
213 -314
250 -318
228 -311
242 -303
223 -290
205 -272
197 -267
177 -270
190 -276
163 -275
157 -260
155 -266
165 -269
198 -285
203 -282
205 -280
197 -280
252 -289
237 -286
242 -285
243 -295
238 -283
247 -287
