Br Usd
0 0
5 10
-16 36
-24 25
-45 38
-25 43
-22 43
-19 39
-12 31
-10 37
-9 34
-20 33
-12 30
-7 28
-7 19
-16 26
-26 28
-1 43
-16 48
-19 54
-22 57
-35 53
-66 60
-62 59
-62 59
-59 55
-43 52
-37 50
-35 47
-46 51
-53 53
-53 53
-45 60
-46 66
-46 64
-51 66
-42 63
-35 58
-30 64
-31 63
-38 67
-45 64
-47 64
-36 65
-48 51
-61 52
-71 55
-63 44
-57 45
-58 48
-51 60
-62 66
-69 63
-134 71
-108 113
-104 92
-134 93
-141 93
-133 87
-136 86
-140 87
-130 87
-149 90
-136 96
-143 97
-139 97
-140 95
-125 91
-124 92
-117 92
-103 85
-121 82
-125 84
-119 70
-120 59
-100 39
-108 49
-94 32
-97 17
-92 15
-89 26
-88 25
-90 40
-108 42
-121 46
-133 48
-141 54
-131 36
-125 50
-140 57
-133 65
-133 56
-129 69
-128 66
-119 62
-121 65
-112 94
-133 84
-123 86
-126 82
-121 79
-140 79
-197 100
-171 90
-172 96
-172 98
-171 88
-171 96
-175 91
-188 98
-237 100
-247 108
-273 105
-273 108
-259 108
-265 114
-257 112
-232 114
-229 108
-190 105
-185 112
-212 116
-228 112
-203 112
-191 117
-197 118
-183 118
-193 119
-213 118
-197 113
-202 119
-196 119
-296 117
-309 118
-358 119
-378 119
-377 118
-350 119
-362 119
-356 119
-362 119
