Br Usd
0 0
31 7
20 16
18 11
26 8
18 -1
22 12
7 12
9 26
46 25
53 15
61 4
59 -36
61 -47
48 -53
61 -69
44 -45
99 -69
116 -63
114 -53
94 -18
138 -42
121 -34
145 -45
153 -42
199 -44
171 -38
171 -44
182 -38
199 -38
195 -35
239 -38
278 -44
252 -43
252 -41
210 -32
182 -33
164 -8
182 -9
204 -15
191 -19
173 -18
184 -17
204 -27
204 -20
208 -11
246 -16
256 -18
241 -23
228 -32
237 -25
285 -22
261 -23
259 -25
221 -21
204 -15
210 -14
204 -12
193 -15
213 -17
210 -13
202 -13
197 -14
173 -14
149 -19
136 -19
162 -18
132 -16
132 32
112 53
112 50
142 53
156 34
206 37
208 38
215 38
224 17
215 0
230 15
256 23
252 24
265 27
305 -1
311 -10
250 2
228 -12
287 -15
261 -26
276 -44
283 -44
259 -45
191 -30
221 -40
254 -54
206 -45
193 -41
171 -29
138 -12
153 -24
147 -27
182 -45
156 -38
127 -33
138 -33
156 -38
118 -26
125 -39
90 -32
77 -23
92 -30
75 -25
68 -14
105 -21
103 -16
105 -17
156 -23
171 -37
151 -27
173 -36
138 -41
116 -24
94 -21
96 -18
96 -26
134 -27
118 -24
125 -26
107 -18
134 -17
147 -23
228 -25
191 -30
217 -33
270 -30
285 -34
357 -45
482 -72
469 -68
697 -113
651 -113
612 -88
572 -94
598 -128
603 -130
