Br Usd
0 0
16 -20
18 -22
5 -15
27 -5
26 -5
31 -3
26 -18
32 -3
48 -12
52 -4
41 -1
49 -11
73 0
137 -12
121 -11
102 -32
102 -42
100 -26
108 -40
108 -27
112 -39
130 -45
152 -46
166 -43
179 -42
163 -41
162 -39
171 -47
165 -48
153 -52
139 -53
135 -54
137 -64
136 -64
137 -62
143 -55
141 -59
140 -58
136 -55
132 -54
128 -51
131 -51
132 -44
127 -47
149 -46
154 -68
154 -65
152 -66
160 -75
163 -94
150 -74
149 -79
149 -65
166 -37
171 -35
171 -38
176 -34
187 -41
196 -40
191 -45
187 -33
191 -22
187 -28
178 -26
201 -29
235 -30
219 -24
223 -15
226 -36
235 -43
252 -57
253 -64
267 -81
239 -64
237 -66
255 -50
259 -45
263 -28
283 -49
265 -53
275 -54
276 -50
278 -52
288 -52
305 -69
296 -72
311 -81
313 -64
313 -82
323 -71
279 -56
281 -59
283 -62
285 -60
296 -61
279 -54
233 -61
232 -60
213 -48
232 -38
189 -32
165 -35
176 -38
185 -28
183 -20
188 -22
197 -27
214 -35
236 -39
228 -37
254 -44
244 -45
261 -41
259 -39
244 -25
265 -38
259 -39
255 -30
254 -39
263 -33
274 -35
274 -35
278 -30
283 -36
276 -41
289 -50
296 -50
294 -45
310 -45
278 -52
258 -49
258 -42
294 -41
265 -42
305 -48
316 -51
314 -43
318 -48
324 -44
