Br Usd
0 0
0 -9
59 -13
23 -18
25 -8
15 3
-4 -15
-27 -7
-48 9
-29 -5
-4 -24
-36 -32
-13 -27
-15 -67
-29 -80
-29 -81
-2 -87
-4 -88
-34 -66
-109 -51
-112 -56
-67 -54
-40 -43
-48 -43
-48 -40
-84 0
-76 22
-78 35
-50 43
-17 106
-6 73
-8 46
-11 28
55 13
48 11
32 18
36 7
88 -30
112 -25
99 -3
194 -38
244 -78
238 -64
231 -53
248 -74
297 -110
330 -103
381 -100
339 -122
276 -100
295 -99
305 -118
383 -122
429 -176
478 -148
465 -158
467 -150
478 -121
484 -109
608 -140
562 -151
650 -217
457 -209
410 -195
351 -165
288 -153
301 -152
307 -164
311 -176
257 -163
257 -158
189 -112
204 -109
198 -60
231 -91
143 -61
257 -84
215 -61
212 -64
212 -72
229 -104
225 -122
194 -127
151 -108
139 -122
151 -183
139 -83
34 -86
88 -98
90 -90
114 -107
162 -89
130 -58
143 -76
177 -102
231 -118
219 -130
173 -109
173 -92
179 -104
173 -102
164 -104
160 -99
151 -94
170 -98
160 -84
162 -91
166 -87
145 -92
135 -87
166 -93
166 -99
166 -94
156 -99
141 -82
88 -89
53 -93
36 -88
25 -59
74 -66
78 -46
32 -38
46 -34
32 -20
29 -35
29 -25
