Br Usd
0 0
-2 -3
61 12
40 9
48 -24
53 -28
42 -11
50 0
67 -5
72 -7
94 -17
88 -24
99 -43
105 -46
94 -31
110 -20
115 -34
126 -27
118 -29
134 -30
105 -27
109 -36
101 -41
89 -22
110 -1
109 -8
94 -12
86 -18
91 -15
86 -21
75 -14
62 -20
37 -9
32 -2
24 13
40 34
45 33
19 48
24 86
37 92
30 104
42 98
61 109
54 119
61 147
54 160
53 167
51 169
85 111
94 156
88 161
75 177
70 193
70 201
74 187
48 194
0 208
30 211
21 260
40 268
34 308
26 300
3 222
26 256
13 300
3 321
34 329
8 302
34 322
48 323
43 315
42 290
45 315
13 337
46 321
22 315
14 324
16 348
10 355
26 373
-14 360
-6 358
-24 326
-48 324
-72 371
-110 380
-102 394
-83 453
-74 480
-105 494
-93 540
-97 608
-118 613
-150 618
-126 690
-118 801
-129 707
-112 656
-125 693
-128 735
-144 811
-174 817
-193 801
-165 805
-179 821
-177 824
-173 844
-187 885
-233 954
-208 976
-185 975
-174 979
-157 979
-166 979
-165 979
-216 979
-184 979
-200 979
-176 979
-174 979
-177 979
-208 979
-163 979
-144 979
-145 979
-166 979
-158 979
-173 979
-182 979
-184 979
-221 979
-249 979
-197 979
-208 979
-246 979
-299 979
-297 979
-296 979
