Br Usd
0 0
-3 21
-16 20
-3 39
-41 64
-33 50
-34 52
-42 87
-47 74
-44 75
-41 74
-39 60
-65 79
-59 65
-39 68
-44 51
-46 58
-31 50
-29 49
-28 41
-31 39
21 18
34 13
15 15
62 -9
62 -36
38 -10
39 -25
51 -26
62 -23
59 -19
74 -13
75 -19
56 -17
57 -4
74 -8
70 9
113 8
144 4
142 -14
129 -1
188 -23
185 -35
181 -33
168 -27
168 -35
154 -29
170 -28
170 -32
160 -25
162 -20
139 -20
152 -19
167 -5
155 -4
142 0
136 -16
126 -8
108 3
106 9
106 7
106 9
114 31
85 39
123 18
131 -5
175 -12
162 -12
152 -1
163 -14
160 -3
142 -11
121 -11
108 -11
83 0
98 4
105 24
126 4
96 26
103 18
109 22
101 16
74 32
69 61
60 63
77 58
74 57
75 59
70 80
64 107
77 102
67 152
87 127
77 130
103 126
108 106
116 117
101 124
103 119
101 117
105 115
105 122
93 125
85 133
108 113
103 118
113 116
123 120
90 123
108 111
100 116
92 117
87 111
69 117
77 111
52 131
54 141
59 138
60 151
33 176
44 182
78 145
44 164
54 159
33 156
49 155
36 159
36 155
28 157
36 143
28 155
28 150
23 154
21 159
16 159
31 151
18 156
26 152
28 159
36 155
39 132
29 132
25 136
47 128
