Br Usd
0 0
6 -7
29 -14
4 -10
29 -3
62 -13
83 -20
99 -20
74 -20
74 -16
70 -5
70 -4
70 21
145 12
116 23
124 24
124 29
176 15
256 -1
198 11
246 5
221 18
263 10
296 1
267 -11
263 -6
285 -5
300 3
343 -12
314 -15
323 -12
325 -3
337 -20
285 -10
225 -4
252 -13
250 -6
219 -3
219 18
232 -5
236 -5
246 -1
279 -6
318 -7
281 -4
306 -4
281 -10
304 -6
292 -5
271 9
275 2
263 3
271 5
279 5
250 4
244 -4
244 0
215 13
213 17
172 20
159 25
165 27
192 24
213 11
254 14
232 18
242 15
244 17
221 14
320 5
283 -1
221 6
205 14
252 9
188 24
194 13
221 12
196 22
219 27
279 20
263 21
256 23
273 25
219 42
201 41
248 33
229 33
234 15
240 18
271 15
254 14
331 0
283 -8
258 6
273 -15
269 -2
296 -14
201 -11
207 -8
151 4
130 12
103 11
170 -8
147 -4
225 -15
213 -7
157 -11
161 -30
143 -20
157 -25
149 -21
136 -15
139 -15
155 -15
178 -23
182 -18
203 -27
244 -25
238 -38
242 -32
256 -44
289 -41
310 -60
302 -45
298 -59
236 -23
232 -39
254 -37
279 -52
234 -43
219 -43
184 -47
192 -49
194 -48
205 -48
265 -61
310 -56
345 -66
337 -41
335 -47
331 -36
345 -35
345 -31
335 -25
