Br Usd
0 0
28 7
27 145
20 204
-3 329
-27 334
-42 334
-48 403
-63 504
-70 403
-57 509
-67 647
-143 730
-133 663
-128 736
-116 549
-96 700
-111 587
-123 670
-143 711
-118 713
-118 720
-125 739
-111 736
-108 720
-98 710
-62 704
-60 709
-52 696
-78 704
-87 678
-115 695
-120 713
-121 713
-105 739
-106 879
-101 1196
-123 1175
-123 1171
-113 1207
-100 1269
-123 1532
-126 1938
-110 1873
-126 1898
-131 1857
-148 2163
-163 2108
-213 2312
-198 2421
-198 2832
-185 2669
-190 2539
-190 2588
-175 2483
-193 2324
-175 2020
-161 1660
-170 1762
-185 1711
-176 1895
-178 1849
-198 1890
-190 1834
-186 1740
-180 1917
-181 1898
-201 1873
-198 1825
-188 1833
-180 1845
-176 1857
-160 1873
-113 1857
-123 1836
-165 1849
-170 1841
-170 1638
-161 1659
-190 1760
-195 1791
-178 1768
-153 1756
-146 1733
-163 1695
-170 1760
-166 1760
-150 1857
-115 1778
-111 1769
-113 1752
-131 1754
-138 1711
-165 1763
-163 1718
-118 1778
-33 1756
-7 1648
-30 1671
-30 1687
-2 1695
115 1386
111 889
121 1053
85 1121
93 1029
88 964
38 951
13 1046
13 1062
2 1074
-20 1110
-50 1354
-27 1358
-22 1523
17 1326
75 1369
67 1424
60 1509
45 1492
15 1466
25 1443
3 1394
10 1433
-28 1467
-42 1466
-35 1435
-77 1419
-37 1207
-35 1243
-33 1329
-37 1242
-55 1207
-25 1173
82 1087
48 1066
-3 1105
-2 1094
-33 1124
-42 1094
-35 1053
-35 1008
-22 1002
-15 1028
