Br Usd
0 0
-13 23
-31 45
-45 43
-37 35
-31 34
-18 16
-16 8
-8 5
40 5
11 7
15 19
18 33
2 40
6 33
19 32
31 13
31 24
32 25
36 19
44 8
57 9
44 14
36 5
81 -24
74 -9
70 -26
74 -34
62 -29
57 -32
45 -21
34 -10
24 -11
32 -20
32 -18
32 -39
26 -67
29 -103
28 -83
37 -86
31 -77
29 -82
32 -75
29 -68
40 -79
44 -82
52 -89
58 -79
83 -87
74 -96
70 -79
66 -77
76 -82
47 -73
57 -79
31 -74
40 -64
50 -67
42 -58
40 -50
57 -52
29 -54
28 -40
26 -34
18 -41
2 -32
45 -32
44 -44
19 -38
26 -26
2 -10
-19 13
-21 7
-81 22
-73 14
-112 47
-144 62
-128 54
-91 26
-141 58
-167 63
-207 86
-178 69
-165 48
-154 50
-168 54
-162 47
-178 49
-201 63
-202 61
-202 61
-191 63
-181 61
-215 69
-183 56
-181 52
-172 61
-207 59
-181 57
-163 47
-141 37
-102 1
-133 28
-128 27
-105 10
-112 9
-97 8
-120 15
-126 15
-131 19
-147 18
-118 5
-108 5
-126 10
-141 0
-128 -8
-117 -18
-118 -12
-105 -29
-104 -30
-104 -28
-74 -40
-37 -32
6 -61
-2 -60
-2 -47
-11 -45
-26 -37
-8 -38
-23 -25
6 -45
8 -24
50 -43
63 -40
71 -48
108 -52
176 -80
167 -80
125 -66
115 -59
136 -65
128 -58
115 -40
99 -39
