Br Usd
0 0
30 -103
77 -509
89 -351
67 -292
37 -244
-40 -246
-27 -129
-32 -70
-27 -151
-10 -69
-3 -15
-12 47
-45 292
-52 155
-27 201
-39 215
-13 224
-12 215
-13 147
-25 170
-32 215
-37 230
-44 218
-67 236
-57 237
-59 233
-52 230
-59 222
-69 226
-52 199
-47 110
-15 110
-8 119
-3 194
-10 162
-13 177
-49 183
-54 180
-35 185
-52 181
-55 155
-44 140
-69 103
-72 50
-60 -54
-69 57
-60 6
-89 -57
-80 -85
-72 -248
-52 -218
-52 -208
-84 -199
-111 -233
-112 -226
-116 -233
-124 -221
-132 -189
-127 -174
-112 -169
-126 -166
-129 -158
-111 -147
-104 -144
-82 -99
-86 -38
-101 -111
-104 -136
-87 -174
-75 -219
-77 -368
-97 -349
-107 -297
-92 -315
-80 -307
-64 -398
-87 -412
-30 -480
-13 -584
-30 -547
-12 -571
5 -666
-8 -786
15 -849
42 -830
37 -681
82 -769
55 -861
52 -965
44 -926
22 -853
84 -771
119 -743
124 -773
158 -764
121 -711
148 -713
146 -731
144 -748
141 -767
200 -772
149 -769
158 -699
200 -804
189 -859
206 -898
320 -964
506 -1038
444 -1040
500 -1042
584 -1084
533 -1077
542 -1060
530 -1040
540 -1067
516 -1084
453 -1044
448 -1000
456 -1003
468 -989
485 -969
498 -965
453 -952
475 -935
454 -928
458 -943
471 -983
458 -1040
426 -1018
412 -898
391 -845
399 -967
374 -995
372 -961
359 -996
369 -980
339 -968
248 -988
226 -987
228 -980
203 -905
176 -936
159 -876
