Br Usd
0 0
-18 12
-17 14
-25 13
-38 14
-38 17
-54 12
-48 12
-62 14
-52 14
-41 12
-43 3
-43 8
-32 5
-29 4
-33 -1
-32 -14
-50 -25
-42 -21
-33 -15
-18 -19
-27 -20
-29 -13
-11 -18
-23 -14
-27 -9
-24 -6
-37 -10
-43 -14
-50 -14
-39 -9
-41 -8
-27 -5
-5 -2
-6 -3
8 -5
18 -1
28 -5
31 -4
42 -5
46 -12
23 -13
19 -10
4 -9
-9 1
1 3
4 2
6 -7
22 2
5 -3
3 -2
5 -2
0 -5
0 -7
-3 -8
-9 -11
-10 -15
-9 -9
-18 -9
-20 -2
-6 3
-13 3
-15 2
-14 1
-9 -1
9 -3
1 -6
9 -14
9 -22
-10 -43
-6 -56
-9 -48
-10 -49
-18 -29
-28 -30
-17 -32
-14 -31
-22 -28
-18 -34
-23 -40
-6 -41
15 -45
37 -41
24 -30
29 -22
24 -29
19 -26
18 -29
14 -26
25 -27
29 -27
1 -27
-6 -22
8 -15
-14 -22
-22 -18
-3 -20
6 -26
-1 -29
1 -32
1 -33
-3 -33
-6 -34
-1 -38
1 -40
18 -38
10 -41
6 -22
5 -42
10 -44
17 -46
15 -45
23 -42
38 -45
45 -45
42 -42
43 -42
48 -42
60 -45
73 -49
94 -46
98 -57
98 -59
93 -59
84 -52
60 -49
60 -46
60 -48
80 -55
61 -48
80 -49
74 -49
90 -49
104 -55
79 -49
88 -49
76 -41
