Br Usd
0 0
-8 4
-6 -6
-26 0
-42 1
-63 13
-114 17
-122 32
-127 18
-127 9
-96 15
-109 23
-85 18
-80 9
-96 14
-106 16
-152 21
-125 13
-135 16
-112 19
-101 22
-96 20
-106 21
-119 41
-125 36
-95 35
-138 42
-135 44
-148 44
-140 38
-156 34
-165 42
-168 54
-178 47
-180 35
-178 33
-173 28
-152 29
-127 18
-144 30
-141 19
-135 26
-160 31
-160 30
-146 26
-141 27
-146 24
-148 14
-164 4
-176 11
-178 7
-165 7
-168 11
-176 26
-173 23
-202 26
-188 31
-199 26
-204 -7
-180 3
-156 -30
-162 -30
-184 -43
-184 -47
-196 -51
-176 -73
-168 -135
-168 -139
-180 -135
-160 -120
-172 -117
-159 -128
-196 -123
-239 -71
-223 -76
-209 -133
-213 -147
-178 -140
-160 -154
-181 -149
-133 -171
-109 -155
-90 -167
-107 -152
-135 -130
-117 -116
-115 -135
-132 -134
-104 -141
-112 -162
-144 -144
-111 -148
-109 -157
-120 -173
-114 -160
-112 -164
-136 -156
-176 -160
-194 -146
-165 -151
-197 -151
-175 -163
-180 -167
-172 -178
-180 -187
-234 -161
-236 -142
-221 -144
-197 -151
-213 -147
-209 -145
-225 -139
-225 -149
-192 -143
-199 -136
-184 -144
-210 -142
-234 -137
-233 -136
-228 -138
-236 -135
-226 -135
-273 -126
-266 -132
-260 -139
-244 -155
-255 -151
-257 -141
-263 -140
-281 -143
-268 -140
-276 -139
-260 -143
-258 -152
-218 -181
-236 -172
-231 -176
-237 -172
-298 -159
-297 -156
-337 -154
-343 -132
-359 -136
-362 -140
