Br Usd
0 0
-9 -11
-3 -3
-1 5
-1 0
8 0
-1 -15
13 -27
19 -36
29 -28
25 -25
25 -29
16 -39
30 -49
52 -43
94 -42
108 -49
94 -55
91 -49
68 -27
62 -34
71 -26
68 -18
80 -26
92 -30
89 -21
97 -28
97 -30
91 -29
91 -22
87 -16
86 -12
85 -7
85 -8
73 -16
63 -20
59 -22
54 -20
59 -34
65 -19
62 -19
56 -20
53 -12
28 -17
39 -13
46 -20
42 -16
32 -14
29 -4
29 -8
25 -13
23 -13
22 -12
4 -13
-1 -10
-4 -15
8 -23
0 -34
-4 -31
-9 -27
-8 -25
-10 -25
4 -23
-8 -25
-4 -22
3 -25
-8 -11
-1 -14
-8 -5
-39 12
-44 7
-47 3
-52 3
-62 2
-49 6
-49 6
-58 10
-52 10
-40 13
-37 15
-51 14
-62 15
-57 12
-35 12
-51 13
-43 5
-34 5
-38 1
-63 2
-68 14
-66 13
-54 18
-42 14
-33 11
-42 4
-11 -2
-56 0
-53 -13
-40 -10
-40 -10
-49 -6
-40 -3
-58 -5
-57 -10
-59 -6
-87 0
-80 2
-84 -3
-68 -1
-56 5
-54 -1
-57 4
-62 7
-59 7
-46 0
-46 6
-49 8
-39 -3
-39 0
-35 -2
-42 -1
-47 -3
-48 8
-65 8
-62 5
-65 9
-70 9
-59 2
-67 2
-72 6
-85 11
