Br Usd
0 0
-3 92
-20 225
-18 270
-29 623
11 357
5 407
-8 419
-3 433
-7 425
-3 351
5 289
3 154
0 289
55 309
18 346
124 367
155 344
155 306
147 368
139 535
147 735
145 765
148 534
207 543
230 424
223 501
212 526
207 526
251 536
243 526
302 470
364 424
351 462
312 442
292 424
261 360
281 306
318 411
297 413
290 383
295 331
276 314
274 280
274 336
223 390
230 369
248 352
222 360
237 386
217 374
202 353
230 341
227 351
261 357
308 374
300 360
297 380
248 378
237 374
237 374
269 416
233 441
230 416
199 418
217 416
207 399
254 368
212 306
227 353
206 305
209 354
241 323
163 331
132 285
144 277
155 291
129 302
121 289
98 217
86 90
73 34
82 127
62 169
80 76
104 148
83 99
46 197
44 160
49 166
34 187
-23 212
-51 216
-26 289
-23 323
-39 443
-80 424
-124 465
-225 498
-183 475
-170 484
-176 484
-201 519
-214 526
-186 534
-238 552
-225 548
-181 479
-176 416
-207 425
-219 450
-188 433
-142 357
-152 425
-127 440
-160 404
-140 377
-95 355
-59 399
-83 404
-85 397
-114 385
-135 438
-157 433
-155 414
-127 416
-165 421
-155 394
-135 384
-134 408
-171 429
-161 436
-212 441
-243 458
-292 475
-312 475
-292 453
-331 492
-318 510
-323 430
-312 455
-300 453
-298 492
-287 475
