Br Usd
0 0
10 5
-2 -13
-20 -6
-18 -5
-30 2
-58 3
-30 6
-16 -1
-42 -10
-34 -15
-22 -8
-34 -6
-20 -6
-32 -9
-30 -40
-34 -25
-28 -37
-38 -61
-38 -54
-32 -64
-74 -52
-60 -49
-62 -45
-85 -51
-82 -44
-80 -32
-64 -34
-52 -34
-70 -43
-22 -40
-24 -75
-4 -75
20 -77
22 -98
28 -125
34 -96
30 -92
-4 -101
-12 -91
22 -94
28 -96
6 -91
6 -94
20 -89
26 -93
22 -95
36 -94
28 -76
12 -60
22 -65
26 -69
26 -68
46 -72
42 -87
48 -79
52 -74
40 -71
30 -57
40 -55
42 -55
18 -49
20 -60
-24 -48
0 -55
-10 -39
2 -29
2 -33
-16 -26
-16 -23
-46 -14
-36 -23
-32 -37
-26 -29
-56 -23
-70 -35
-52 -28
-36 -29
-30 -18
-36 -6
-38 -8
-38 -8
-54 -27
-38 -26
-48 -20
-42 -28
-34 -20
-50 -12
-74 -22
-62 -14
-66 -19
-60 -22
-64 -43
-66 -39
-64 -23
-60 -32
-52 -29
-82 -23
-87 -22
-121 -17
-121 -19
-105 -21
-159 -12
-131 -11
-109 -19
-111 -18
-105 -28
-115 -23
-111 -23
-131 -20
-137 -19
-137 -25
-159 -17
-163 -24
-175 -14
-167 -11
-163 -14
-119 -21
-141 -15
-143 -20
-185 -12
-197 -9
-173 -12
-169 -12
-169 -6
-181 -7
-185 -6
-181 -6
-181 -3
-193 7
-199 17
-183 11
-173 11
-181 7
-175 11
-179 12
-181 9
-195 10
-195 6
-183 6
-181 3
-175 5
