Br Usd
0 0
-7 -54
-15 -81
-3 -54
-5 -66
-29 -79
-62 -62
-47 -85
-27 -37
-17 -21
2 29
5 12
-5 12
25 -21
50 -12
62 -12
57 -57
109 -49
131 -24
128 5
143 -3
161 -19
156 -37
166 -21
158 -36
150 -39
126 -51
113 -45
111 -37
81 -33
76 -32
91 -37
91 -37
91 -29
103 -21
96 -31
98 -21
64 -23
66 -37
66 -33
74 -27
66 -38
71 -51
77 -115
94 -175
101 -153
111 -186
126 -186
87 -117
118 -95
128 -112
109 -107
84 -130
96 -143
108 -105
111 -104
119 -97
126 -92
106 -104
104 -102
103 -106
104 -104
77 -110
74 -79
57 -117
76 -120
72 -120
76 -117
81 -104
81 -120
124 -121
135 -143
155 -138
150 -145
188 -170
195 -187
230 -208
220 -200
229 -203
203 -201
183 -191
177 -182
198 -193
205 -183
193 -180
166 -181
133 -152
104 -145
121 -130
128 -170
150 -160
170 -172
188 -193
230 -195
224 -173
197 -175
212 -201
203 -175
182 -155
163 -184
140 -178
158 -189
145 -193
161 -203
178 -185
160 -185
190 -204
182 -197
178 -215
158 -200
187 -160
185 -120
185 -185
197 -175
207 -148
198 -125
198 -115
202 -133
168 -105
165 -115
177 -116
187 -123
187 -123
209 -128
207 -116
296 -148
277 -150
294 -120
289 -109
294 -128
279 -114
288 -120
291 -102
247 -71
271 -99
269 -102
291 -119
277 -128
338 -128
372 -161
365 -149
400 -172
405 -178
410 -178
