Br Usd
0 0
-6 0
18 1
22 -4
17 -9
9 -5
19 -3
9 0
8 1
26 -2
24 -5
29 -13
33 -19
28 -18
18 -15
28 -17
46 -24
70 -40
68 -31
78 -31
81 -46
93 -33
86 -33
77 -26
88 -19
110 -26
116 -31
115 -33
111 -29
102 -27
90 -31
82 -29
97 -35
90 -39
87 -35
78 -34
74 -29
65 -31
74 -33
84 -33
98 -31
95 -26
97 -31
98 -30
95 -26
95 -22
107 -25
102 -23
95 -22
92 -24
107 -21
118 -22
116 -17
115 -18
113 -18
113 -20
118 -24
115 -23
123 -25
96 -22
92 -24
91 -24
97 -22
110 -27
118 -29
145 -38
137 -48
125 -51
151 -59
141 -63
147 -71
137 -76
134 -73
143 -81
110 -71
110 -63
87 -58
91 -56
97 -59
75 -68
82 -66
97 -59
97 -62
88 -63
104 -73
91 -70
105 -64
107 -60
105 -65
96 -58
101 -63
72 -63
38 -52
43 -47
59 -50
77 -58
82 -52
84 -54
69 -54
81 -51
90 -54
87 -58
70 -58
95 -52
98 -58
133 -58
132 -69
134 -72
145 -72
155 -73
148 -80
137 -77
142 -78
136 -77
123 -84
121 -71
107 -84
134 -88
138 -85
146 -82
146 -81
139 -80
123 -70
120 -70
113 -69
110 -69
95 -67
86 -68
106 -68
83 -68
38 -63
27 -65
5 -69
17 -70
-12 -71
0 -71
9 -71
-13 -71
-5 -64
15 -68
12 -70
