Br Usd
0 0
14 2
19 6
19 -3
10 24
-12 15
-17 18
6 20
-4 24
-14 28
-23 40
-4 45
-19 37
-6 35
-2 28
-6 25
-17 26
-4 31
-2 30
14 25
29 23
33 25
50 13
41 18
62 16
54 13
62 18
50 19
58 22
91 15
97 16
114 8
87 -7
91 -8
95 0
91 -2
91 11
107 5
105 4
147 -3
186 -17
198 -13
202 -15
176 -11
176 5
157 10
157 1
157 -3
167 -5
159 -6
147 -3
155 0
114 -8
116 -4
132 -3
124 -6
126 -2
140 -3
151 1
136 3
112 5
95 3
33 12
27 19
48 13
50 9
62 11
72 0
72 6
85 6
54 2
68 -2
12 3
-8 8
-68 18
-54 18
-21 14
-43 23
-23 15
-27 22
-74 35
-60 69
-87 95
-89 87
-85 77
-66 70
-25 51
-19 69
-23 71
12 71
10 69
-25 77
-27 78
8 83
39 71
17 76
19 74
0 77
2 69
12 76
89 51
101 52
72 54
29 50
35 42
35 58
25 54
4 61
8 62
2 61
10 61
-6 61
43 57
33 61
54 61
60 63
93 52
68 60
101 48
43 58
31 62
48 61
50 62
29 58
17 64
21 62
10 62
23 58
4 59
-17 62
-31 63
-45 67
-12 69
-17 62
-39 62
-2 58
-37 63
-39 68
-81 69
-52 71
-56 62
-45 69
-48 63
-52 62
