Br Usd
0 0
-15 -5
-17 -12
-22 -12
-20 -1
-33 5
-28 5
-15 14
-13 16
-11 9
-15 11
-15 7
-17 7
-23 2
-26 -2
-19 0
-13 -1
-17 -1
-19 4
-23 1
-41 7
-84 14
-69 12
-70 14
-73 20
-72 15
-57 15
-50 16
-50 27
-56 18
-57 15
-52 14
-63 14
-55 17
-61 17
-61 14
-74 7
-64 9
-64 9
-61 12
-60 9
-55 10
-41 12
-33 11
-23 -2
-15 -4
-17 -3
43 -8
33 -8
52 -12
37 -13
42 -14
38 -13
37 -17
45 -18
36 -24
33 -21
52 -18
63 -32
42 -29
37 -49
28 -46
11 -40
23 -52
19 -44
33 -49
37 -57
18 -41
26 -53
34 -65
42 -60
27 -60
38 -53
54 -45
59 -56
74 -62
82 -53
59 -53
83 -69
70 -84
56 -74
64 -70
57 -70
63 -75
72 -81
82 -74
72 -68
84 -70
96 -72
103 -80
96 -78
112 -82
97 -74
77 -74
65 -69
83 -72
73 -80
49 -81
41 -83
59 -78
63 -77
70 -81
24 -77
42 -77
55 -77
61 -82
75 -81
77 -79
78 -77
72 -85
79 -88
88 -88
78 -88
79 -88
87 -88
87 -88
78 -87
77 -87
73 -86
54 -88
54 -83
60 -88
60 -87
66 -87
65 -88
70 -89
91 -95
89 -95
93 -87
98 -89
119 -94
123 -88
121 -90
138 -95
133 -99
138 -91
129 -93
129 -97
133 -95
134 -103
124 -102
