Br Usd
0 0
19 -3
17 5
25 18
10 29
-17 30
33 39
37 31
29 20
31 21
35 12
31 18
50 18
35 53
41 29
37 43
39 32
60 29
47 26
31 36
47 34
35 30
41 37
35 40
19 38
27 33
45 34
54 36
95 24
103 14
95 14
85 11
62 18
64 2
66 13
83 19
91 23
62 28
66 18
66 16
29 17
27 15
35 17
29 18
-4 20
-4 26
10 29
6 35
4 28
23 21
19 20
6 31
-12 27
-14 21
14 24
14 25
29 20
25 30
4 30
8 24
-10 23
2 22
-4 8
-2 2
41 46
47 32
50 30
74 27
101 16
78 12
103 12
93 -4
97 3
91 -11
111 -26
122 -23
138 -25
114 -36
99 -31
60 -17
83 -29
89 -30
118 -40
167 -62
149 -59
136 -57
114 -49
159 -61
190 -75
167 -71
175 -67
206 -79
213 -89
192 -69
155 -75
180 -80
173 -55
130 -56
62 -46
64 -38
33 -35
56 -35
33 -40
58 -37
80 -40
91 -44
109 -59
138 -59
126 -53
130 -66
97 -49
85 -50
62 -43
76 -44
99 -55
64 -52
76 -55
62 -52
54 -57
39 -52
47 -52
52 -52
27 -55
39 -55
43 -53
29 -52
-17 -32
2 -35
19 -40
8 -47
25 -47
43 -48
23 -44
-10 -37
21 -44
103 -47
70 -46
103 -54
114 -58
97 -56
103 -59
111 -56
114 -57
109 -57
