Br Usd
0 0
-9 -9
-8 -7
4 -6
6 2
5 12
19 22
10 15
21 19
29 25
28 15
40 -3
37 11
8 8
16 -4
24 3
21 8
19 5
25 7
21 8
14 10
10 21
13 24
8 19
1 26
-29 41
-31 42
-28 35
-31 33
-25 27
-16 32
15 13
63 -3
49 5
47 10
76 3
116 4
151 -4
144 -25
139 -35
149 -17
144 -19
167 -23
173 -15
193 -16
200 -14
198 -14
186 -14
181 -12
178 -17
190 -18
210 -23
224 -27
223 -41
224 -42
259 -56
264 -58
256 -45
247 -46
262 -44
249 -49
248 -45
239 -49
209 -45
218 -48
205 -60
204 -82
185 -67
179 -61
165 -57
179 -51
165 -27
162 -33
174 -40
179 -31
151 -43
126 -34
120 -25
131 -14
122 -8
102 -9
111 -6
121 -6
133 -4
125 9
126 1
141 -7
102 -4
84 1
112 -7
93 -7
88 -2
78 21
88 13
83 22
107 15
86 4
74 17
106 17
76 16
77 30
87 27
89 25
71 28
38 30
20 33
50 30
45 28
15 34
1 37
24 29
21 32
28 22
31 26
21 30
44 30
40 34
48 21
33 28
26 29
20 29
18 22
20 27
23 29
33 22
9 30
14 34
25 26
8 28
1 30
16 20
30 24
55 22
81 21
82 20
115 16
92 20
113 13
