Br Usd
0 0
6 -4
-10 3
-10 17
-37 12
-31 14
-31 -1
2 1
-2 4
-8 -2
-10 6
6 3
16 5
21 0
-4 -9
6 -12
0 -7
18 -8
2 -8
27 -7
45 -17
35 -10
64 -16
66 -24
70 -23
103 -26
107 -24
137 -33
133 -39
133 -44
135 -33
140 -35
158 -42
146 -41
140 -45
137 -41
133 -40
158 -39
142 -30
154 -23
174 -29
207 -31
236 -39
238 -29
293 -48
291 -52
252 -76
234 -85
273 -110
279 -91
283 -96
326 -113
306 -132
336 -128
326 -124
330 -124
302 -120
312 -121
265 -109
248 -113
250 -104
267 -109
289 -119
273 -163
217 -159
230 -140
252 -154
189 -154
220 -152
191 -132
160 -133
115 -122
90 -111
109 -128
103 -130
31 -113
39 -118
78 -108
84 -113
72 -116
113 -144
111 -142
74 -138
10 -137
39 -125
23 -130
21 -134
74 -161
37 -161
18 -189
4 -179
-2 -177
-2 -187
21 -174
16 -180
12 -168
-8 -174
-72 -155
-103 -141
-88 -145
-105 -151
-62 -143
-55 -148
-45 -146
-39 -159
-31 -151
-43 -155
-98 -142
-49 -146
-68 -143
-74 -147
-25 -148
-49 -148
66 -167
59 -160
47 -159
18 -163
33 -159
80 -168
72 -168
66 -156
33 -174
31 -163
33 -163
23 -161
21 -154
-39 -151
-23 -151
4 -148
-37 -151
-4 -152
-23 -153
-12 -151
-41 -153
-74 -148
12 -154
21 -157
-43 -157
-33 -150
-41 -157
-41 -156
-29 -166
-2 -165
37 -170
