Br Usd
0 0
-21 5
-32 12
-64 21
-35 27
-46 58
-37 49
-51 136
-72 93
-75 84
-86 99
-111 87
-97 43
-118 22
-111 37
-107 51
-103 18
-99 13
-94 21
-108 26
-129 31
-146 22
-150 33
-169 7
-151 10
-153 29
-143 26
-161 28
-159 11
-157 19
-134 10
-137 12
-118 14
-130 10
-118 12
-115 19
-130 21
-119 10
-156 5
-150 -78
-151 -58
-175 -86
-178 -66
-192 -54
-212 -66
-215 -102
-189 -155
-208 -167
-250 -212
-250 -232
-278 -235
-270 -210
-255 -217
-235 -225
-266 -240
-275 -233
-267 -223
-264 -243
-261 -235
-261 -240
-256 -254
-255 -238
-269 -257
-269 -281
-272 -288
-282 -309
-248 -332
-258 -294
-274 -261
-283 -288
-301 -311
-307 -279
-332 -286
-358 -288
-363 -305
-374 -332
-342 -404
-332 -401
-294 -366
-325 -381
-340 -376
-339 -352
-318 -369
-334 -374
-332 -349
-328 -307
-350 -317
-355 -314
-369 -330
-352 -231
-367 -227
-387 -199
-396 -136
-391 -119
-407 -57
-410 -58
-433 -40
-426 -46
-428 -44
-441 -48
-442 -52
-461 -47
-434 -56
-442 -52
-423 -57
-434 -82
-437 -76
-414 -137
-391 -139
-379 -148
-385 -114
-396 -119
-391 -113
-404 -94
-414 -72
-407 -99
-417 -93
-414 -122
-418 -162
-436 -146
-422 -163
-431 -151
-447 -152
-430 -153
-426 -141
-434 -130
-404 -146
-404 -134
-387 -130
-393 -119
-390 -137
-396 -146
-426 -134
-436 -105
-425 -106
-439 -96
-437 -102
-431 -119
-425 -111
-423 -111
