Br Usd
0 0
16 25
16 24
2 23
20 19
-10 5
-10 1
18 2
12 14
-4 19
8 19
-20 21
-83 22
-83 26
-121 26
-119 38
-111 76
-83 85
-85 81
-73 89
-79 132
-54 122
-73 127
-54 111
-67 108
-50 90
-50 93
-50 95
-42 99
-22 89
-14 114
-22 93
-50 116
-44 113
-36 122
-22 119
-22 113
-14 90
-22 93
-22 89
-14 82
-28 82
-34 102
-69 114
-32 109
10 117
8 116
12 129
40 128
-10 128
16 117
-32 129
-2 148
0 178
-6 198
-10 179
-36 188
-38 184
-67 188
-87 184
-87 183
-54 192
-65 187
-81 175
-40 180
-52 177
-46 175
-69 167
-65 151
-87 158
-83 158
-71 144
-117 146
-147 152
-180 152
-161 148
-145 152
-147 146
-145 144
-127 132
-163 121
-149 117
-119 115
-141 119
-129 126
-81 116
-65 118
-46 106
-65 93
-50 114
-71 99
-103 96
-97 84
-101 101
-103 115
-87 84
-83 88
-123 77
-117 82
-149 85
-145 75
-161 77
-125 76
-95 71
-97 57
-89 58
-73 50
-87 58
-89 60
-95 63
-97 82
-97 66
-111 93
-123 107
-135 98
-121 90
-111 89
-109 83
-117 98
-137 98
-139 98
-153 93
-135 87
-159 95
-159 95
-145 91
-168 103
-159 98
-149 98
-141 100
-170 97
-155 90
-163 106
-161 104
-115 100
-139 106
-127 108
-121 106
-161 106
-155 102
-165 107
-165 103
-161 108
-159 109
