Br Usd
0 0
17 35
10 35
15 47
-10 20
-48 -2
-66 5
-33 -20
-33 -37
-38 -75
-18 -91
-15 -103
-2 -78
17 -91
23 -91
35 -92
25 -87
3 -58
-2 -44
8 -29
13 -41
13 -35
12 -62
33 -78
35 -82
55 -87
36 -92
40 -80
33 -94
45 -93
48 -98
51 -94
65 -100
78 -98
98 -95
85 -89
103 -105
98 -142
80 -122
95 -145
108 -157
96 -170
90 -149
95 -161
98 -138
91 -143
91 -143
70 -162
60 -147
66 -145
73 -132
86 -98
88 -102
63 -97
88 -102
93 -113
95 -111
103 -100
96 -79
88 -71
60 -60
75 -49
68 -67
83 -56
103 -40
108 -72
100 -70
191 -62
159 -58
139 -58
136 -50
111 16
100 -8
55 -11
3 20
-12 25
3 39
-22 70
-10 63
-7 70
30 44
23 53
-2 43
20 43
-3 162
23 163
30 154
35 141
28 120
27 108
40 106
51 91
58 89
95 70
76 65
83 36
96 -2
71 6
65 8
43 7
58 -56
58 -72
41 -95
58 -106
96 -90
80 -104
75 -89
83 -89
60 -56
76 -57
86 -85
78 -78
81 -83
101 -109
101 -102
109 -102
131 -107
138 -105
144 -83
129 -37
118 -40
114 -20
76 -36
88 -20
109 -74
134 -67
131 -71
90 -87
90 -80
88 -62
91 -78
100 -84
86 -76
113 -58
118 -72
156 -83
199 -91
214 -104
234 -93
270 -105
277 -109
289 -107
294 -105
267 -98
