Br Usd
0 0
7 -25
1 -25
-2 31
-19 48
-27 30
7 19
-1 26
1 44
0 43
0 64
1 28
1 36
-16 45
-16 49
-19 56
-14 52
-5 50
-9 55
12 38
14 50
27 56
21 58
16 78
19 70
41 80
30 82
30 85
26 85
24 83
26 81
35 70
29 62
24 60
7 50
-6 58
-7 61
-5 47
0 54
10 53
12 40
16 42
7 54
0 58
-27 50
-17 55
-21 62
-39 63
-39 59
-26 64
-47 62
-42 67
-42 67
-54 67
-54 80
-71 89
-66 128
-55 119
-49 109
-42 95
-40 98
-27 104
-39 103
-35 104
-42 100
-27 96
-20 85
-24 87
-20 82
-24 79
-32 92
-42 87
-42 92
-68 96
-63 98
-68 99
-63 99
-60 105
-41 103
-19 80
-29 90
-25 92
-52 93
-41 88
-54 82
-56 76
-41 68
-44 65
-19 66
-21 68
-27 65
-5 54
5 60
-6 56
-16 46
6 51
6 58
29 54
14 68
14 59
22 65
30 55
16 60
-5 52
11 52
-10 54
-9 55
-9 62
-12 54
0 55
5 60
-1 56
-9 55
-5 61
0 61
-12 59
-26 67
-27 69
-20 69
-21 64
-27 60
-27 77
-32 83
-35 85
-36 85
-45 89
-62 97
-60 98
-67 94
-78 96
-58 87
-60 84
-87 95
-58 85
-73 85
-68 85
-75 94
