Br Usd
0 0
3 -11
2 36
-3 52
-3 46
-3 57
-2 65
-10 54
-13 45
-13 56
-18 67
-36 65
-51 59
-55 53
-46 39
-55 24
-55 33
-52 58
-81 53
-75 62
-83 63
-91 56
-98 50
-98 53
-112 50
-103 46
-111 49
-99 57
-109 60
-90 62
-90 63
-95 60
-88 56
-109 48
-109 51
-106 49
-98 57
-91 64
-90 64
-112 64
-122 60
-130 60
-122 58
-99 56
-111 62
-106 54
-96 60
-91 47
-111 44
-137 47
-153 49
-183 62
-207 62
-200 60
-209 55
-213 46
-225 58
-207 63
-207 83
-207 76
-207 67
-194 63
-189 67
-186 76
-161 73
-197 74
-176 76
-196 76
-196 58
-176 50
-163 18
-161 26
-186 8
-199 -19
-189 -30
-192 -25
-197 -50
-199 -98
-176 -52
-205 -16
-207 3
-204 -7
-235 -19
-233 -53
-246 -53
-253 -37
-238 -34
-238 -43
-240 -32
-262 -34
-261 -40
-287 -25
-264 -36
-282 -31
-293 -20
-275 10
-285 1
-248 -7
-217 -7
-220 -43
-233 -40
-218 -23
-217 -32
-189 -43
-202 -64
-220 -59
-235 -75
-231 -84
-240 -95
-238 -86
-228 -129
-231 -149
-243 -101
-248 -114
-215 -140
-223 -134
-236 -126
-222 -125
-192 -136
-178 -143
-174 -108
-225 -108
-261 -119
-220 -125
-196 -134
-158 -127
-187 -126
-210 -132
-196 -120
-199 -134
-223 -119
-210 -123
-197 -123
