Br Usd
0 0
-13 9
-49 52
-54 60
-49 104
-40 92
-24 87
-20 82
-9 89
-19 96
1 85
4 82
13 88
4 95
-10 94
-5 93
-8 87
4 78
23 74
26 79
35 85
31 88
19 85
14 85
31 93
48 93
44 96
44 93
50 88
65 92
72 78
72 72
68 73
55 78
60 76
64 76
63 79
60 78
65 80
74 79
69 83
64 87
50 93
67 95
72 91
69 91
69 90
60 94
67 96
69 95
64 95
74 89
69 97
70 94
68 93
87 85
85 89
74 88
74 112
73 116
74 135
72 154
80 145
67 150
68 149
70 145
59 160
54 176
36 185
36 185
26 178
23 193
30 194
44 210
58 213
52 215
69 214
65 216
90 215
93 191
98 185
87 192
87 195
95 184
79 180
85 169
85 184
82 188
70 211
72 212
73 209
78 198
52 197
9 208
-36 198
-18 200
-53 212
-36 229
-68 237
-88 253
-146 265
-133 254
-124 261
-112 265
-111 250
-127 254
-134 274
-144 265
-132 263
-142 264
-147 266
-137 261
-143 267
-142 262
-141 263
-123 257
-49 256
-74 265
-89 260
-103 261
-97 266
-108 276
-121 276
-121 277
-108 276
-106 273
-119 281
-136 290
-143 295
-144 303
-132 310
-147 302
-137 307
-138 312
-142 305
-138 308
-142 305
-165 297
-148 292
-151 289
