Br Usd
0 0
21 -5
54 -17
31 -12
21 -14
25 -20
-21 -11
-29 -8
-37 -15
-94 -15
-62 -9
-50 -7
-71 -8
-60 -2
-31 -10
-23 -21
-64 -27
-40 -35
-31 -41
-40 -5
-44 -19
-31 -26
-15 -35
-8 -50
19 -46
31 -52
37 -59
19 -53
0 -52
12 -54
8 -47
-10 -29
-8 -43
-2 -38
-17 -35
-31 -37
-4 -37
15 -41
15 -38
15 -36
31 -23
33 -26
27 -29
31 -24
21 -33
25 -29
27 -26
-2 -15
-2 -5
-4 -3
4 -8
15 -10
23 -14
29 -14
25 -11
-4 -9
-21 3
87 -11
150 -18
119 -8
139 -17
104 -29
158 -27
191 -27
229 -31
200 -27
191 -23
170 -22
198 -25
160 -23
150 -21
131 -20
168 -29
127 -20
83 -16
73 -14
60 -9
79 -16
85 -14
89 -23
58 -5
67 -9
71 -5
119 -12
114 -7
119 -2
91 4
79 32
85 33
91 64
79 61
73 64
100 72
83 63
91 59
60 50
71 59
48 63
31 85
37 77
46 63
52 85
48 71
85 70
94 79
125 73
104 86
116 87
177 76
164 81
185 67
177 71
179 68
202 61
225 57
195 66
179 71
164 67
146 79
152 71
160 86
133 120
135 345
160 222
143 270
150 263
129 304
129 275
137 287
129 322
129 310
110 305
123 315
79 328
75 328
71 328
48 328
44 330
17 375
15 362
27 398
52 409
33 420
50 474
