Br Usd
0 0
-4 15
-3 24
-3 43
-20 45
-4 42
-14 43
-3 43
-12 58
-14 45
-20 55
-17 41
-15 49
-8 50
-1 52
-1 67
3 70
20 80
20 90
27 106
41 85
35 88
23 94
36 98
33 90
32 102
35 97
36 91
41 98
69 84
77 78
64 90
60 79
49 90
47 60
50 57
60 62
51 65
52 73
50 84
56 91
40 91
29 91
20 98
13 99
23 99
37 104
3 98
8 92
6 94
12 92
6 90
1 94
6 84
14 73
19 91
24 76
32 85
31 81
27 78
17 73
18 84
14 94
4 87
-1 87
6 87
-1 96
-9 91
-8 86
-14 91
-74 116
-98 158
-82 144
-78 150
-89 134
-74 138
-84 137
-91 131
-73 123
-87 125
-88 134
-87 135
-88 160
-79 159
-83 149
-86 154
-72 156
-69 154
-69 151
-61 147
-54 138
-66 144
-75 142
-42 149
-36 157
-37 161
-27 176
-37 183
-37 180
-24 185
-1 196
13 177
6 185
-9 172
6 162
-1 162
9 152
8 140
5 141
-1 155
-8 159
0 152
1 146
-10 142
-9 140
-15 137
-13 144
0 144
-6 137
-12 137
-28 148
-61 176
-52 168
-72 174
-69 170
-54 162
-60 163
-46 159
-58 159
-68 165
-77 174
-58 170
-56 174
-63 177
-82 174
-86 178
-64 198
-58 184
-54 189
-61 187
-66 191
-56 200
-52 195
