Br Usd
0 0
-33 3
3 0
5 14
-5 54
-35 50
-69 54
-54 42
-48 66
-53 127
-43 100
-49 128
-38 148
-66 134
-49 124
-26 112
-35 108
-38 99
-40 113
-43 127
-33 124
-26 118
-28 121
-12 122
-5 112
-8 116
-21 115
-13 123
-7 149
-16 132
-16 132
-12 144
-26 172
-25 188
-36 255
-25 209
-8 241
-10 275
-25 393
-16 478
-2 374
3 326
-10 367
-12 351
-10 357
-18 374
-21 374
-20 361
-38 397
-43 397
-33 388
-30 389
-31 383
-26 378
-26 355
-10 401
15 418
35 435
18 451
21 495
23 489
26 478
20 442
26 434
28 437
31 417
49 387
38 465
43 461
26 455
35 446
45 413
48 373
23 372
-7 374
-33 363
-36 345
-38 278
-41 291
-74 301
-66 334
-58 325
-76 324
-81 297
-94 326
-104 355
-84 390
-89 359
-91 403
-87 409
-68 394
-78 399
-82 352
-78 336
-79 352
-89 413
-82 409
-96 384
-94 413
-91 391
-76 327
-66 359
-84 362
-91 366
-106 368
-111 353
-106 366
-129 355
-111 353
-124 365
-120 336
-129 367
-132 368
-127 374
-130 374
-114 365
-109 349
-109 341
-104 359
-106 355
-104 362
-139 357
-139 371
-143 370
-119 357
-117 368
-130 365
-130 371
-168 371
-183 372
-180 370
-181 372
-190 372
-198 372
-213 370
-205 365
-188 357
-203 365
-216 374
-201 374
-191 375
-190 375
-190 368
