Br Usd
0 0
-13 -9
-19 -30
-13 -35
-33 -31
-31 -42
-33 -42
15 -52
46 -49
52 -52
50 -73
77 -77
111 -115
79 -88
35 -92
44 -83
19 -72
4 -67
10 -73
21 -52
38 -62
50 -64
35 -41
42 -81
90 -60
83 -65
73 -74
102 -81
73 -70
67 -71
75 -73
83 -71
104 -57
115 -67
115 -56
102 -60
104 -52
96 -47
94 -57
100 -54
71 -52
79 -51
56 -52
65 -47
63 -38
56 -33
44 -25
71 -30
67 -39
86 -36
71 -36
63 -40
92 -52
90 -57
90 -55
111 -57
98 -52
67 -49
73 -61
71 -50
92 -51
69 -46
90 -45
104 -51
83 -50
115 -54
117 -53
109 -85
113 -79
146 -81
115 -69
92 -60
106 -75
119 -70
73 -79
52 -67
56 -71
71 -74
69 -63
81 -67
106 -70
96 -66
92 -67
79 -76
86 -66
58 -66
56 -63
46 -55
48 -66
77 -73
63 -68
90 -83
96 -137
96 -145
96 -132
94 -132
65 -139
81 -184
102 -182
109 -212
127 -199
125 -174
161 -184
194 -201
202 -192
184 -195
246 -200
255 -190
232 -193
192 -185
236 -196
273 -199
234 -195
255 -198
265 -198
282 -201
280 -194
280 -189
232 -199
234 -203
257 -241
215 -243
230 -228
221 -229
250 -249
280 -244
273 -252
271 -229
305 -199
271 -188
303 -204
290 -199
282 -195
303 -206
296 -201
328 -212
394 -209
384 -211
349 -204
324 -200
326 -203
305 -204
307 -206
303 -206
