Br Usd
0 0
-25 21
-7 12
-3 11
-18 8
-24 -10
-78 -8
-107 13
-102 7
-97 11
-76 15
-86 12
-89 11
-88 9
-50 -11
-44 -15
-38 -14
-46 -16
-50 -16
-64 -2
-67 -6
-47 -25
-46 -29
-54 -27
-56 -22
-63 -22
-61 -54
-59 -45
-82 -31
-102 -40
-91 -33
-90 -33
-82 -31
-85 -30
-86 -31
-90 -42
-86 -43
-94 -45
-99 -35
-101 -33
-81 -35
-78 -38
-80 -39
-61 -51
-68 -131
-71 -100
-63 -126
-68 -133
-68 -135
-44 -138
-38 -132
-55 -120
-56 -112
-54 -111
-42 -115
-43 -178
-13 -171
-16 -171
-8 -176
-26 -150
-33 -151
-39 -163
-39 -163
-39 -142
-31 -147
-39 -142
-27 -160
-27 -164
-25 -147
10 -153
-1 -151
8 -138
-4 -147
14 -146
5 -150
-30 -182
-10 -163
-4 -157
-44 -91
-12 -119
-29 -111
-35 -117
-71 -93
-196 -43
-149 -48
-165 -22
-204 -3
-182 10
-204 6
-239 29
-251 67
-223 75
-238 87
-261 88
-270 62
-314 73
-302 66
-328 67
-397 100
-451 139
-462 145
-508 197
-661 205
-504 179
-472 183
-496 183
-543 187
-466 190
-465 190
-440 188
-504 193
-508 183
-494 205
-479 205
-465 205
-476 205
-481 205
-545 205
-545 205
-521 205
-490 205
-496 205
-479 205
-487 205
