Br Usd
0 0
-6 -1
2 9
4 1
-10 5
-2 19
4 24
-12 28
-10 22
-4 7
6 23
8 27
8 25
2 11
20 5
24 16
29 5
29 -8
0 1
12 1
22 4
31 0
20 -12
6 -1
10 1
10 -9
14 -24
18 -37
2 -36
-31 -21
-37 -20
-18 -15
0 -23
0 -19
8 -12
10 -15
27 -11
27 -18
39 -18
43 -25
63 -24
43 -8
39 -1
47 -2
61 3
55 6
78 17
69 13
47 30
47 45
65 36
73 45
80 39
78 39
92 29
71 37
65 35
75 40
73 40
80 68
78 56
75 72
71 71
53 71
33 70
45 73
43 91
10 94
43 102
57 96
37 82
39 92
20 89
0 84
8 82
12 77
4 74
-2 78
31 99
6 92
0 94
12 91
16 98
18 104
-2 104
-39 102
-31 92
-29 98
-47 85
-45 81
-53 78
-14 76
71 58
39 62
29 70
41 70
51 59
75 56
96 55
75 52
71 62
71 76
41 70
55 58
33 77
49 86
31 95
-12 86
-27 92
0 76
8 82
-8 92
12 82
-4 85
-8 92
-49 93
-20 89
-41 91
-29 88
-24 87
-55 94
-37 92
-49 100
-51 98
-65 100
-55 104
-39 94
-29 94
-51 103
-86 105
-88 101
-59 104
-69 100
-84 91
-104 104
-114 100
-122 101
-116 95
-108 98
-92 95
-92 95
-88 99
-75 80
-98 89
