Br Usd
0 0
29 -23
49 -39
25 -15
4 -15
-11 -6
18 46
21 27
19 7
-4 23
4 28
-8 21
-1 26
14 19
17 23
-4 40
-28 58
-26 53
-24 66
-40 74
-22 107
4 73
33 78
31 97
39 104
136 67
95 81
75 76
96 54
92 58
97 47
81 68
101 69
122 42
128 36
154 44
182 42
139 56
164 48
174 30
158 34
131 40
113 54
107 76
100 71
100 70
118 69
115 66
96 58
93 68
111 60
110 59
129 54
158 54
160 44
143 43
128 34
110 28
120 37
122 43
101 40
143 24
158 -25
150 -28
174 -9
179 3
183 -13
186 -6
185 5
158 24
151 7
114 40
99 24
135 17
122 3
133 5
133 13
150 12
172 1
177 -2
188 4
171 28
177 21
163 8
175 12
172 11
163 13
138 28
136 32
132 44
143 50
145 58
154 70
140 74
142 64
149 54
121 48
111 29
100 51
106 52
115 46
135 41
108 41
124 47
110 39
103 34
39 29
22 53
38 44
-6 38
1 65
7 68
-21 66
-10 68
-32 64
-64 89
-61 87
-64 84
-78 95
-138 113
-100 111
-101 108
-132 119
-129 104
-129 117
-151 118
-217 123
-178 141
-222 140
-277 142
-271 141
-256 141
-268 143
-268 151
