Br Usd
0 0
2 -19
-12 2
-14 11
-2 9
2 -1
17 12
29 18
37 15
33 5
37 5
27 -7
14 8
23 -2
37 2
37 0
27 -14
41 -18
45 -6
52 -11
43 -8
47 -12
39 -15
62 -24
89 -26
118 -32
107 -29
109 -18
107 -22
103 -17
97 -8
99 3
109 -1
99 2
78 13
54 16
66 27
72 27
93 20
66 45
66 54
72 56
52 57
60 46
43 49
50 48
68 37
83 46
83 40
101 35
93 38
87 46
78 48
95 39
89 46
107 41
99 44
87 41
99 30
91 17
76 31
78 39
64 15
74 26
105 20
107 29
93 21
116 29
111 32
105 29
87 36
87 24
109 2
138 -7
97 11
118 -14
95 -28
122 -22
142 -36
132 -36
122 -29
122 -31
118 -33
149 -55
153 -37
124 -29
134 -32
120 -26
97 -26
72 -19
83 -29
68 -24
35 -7
56 -3
54 15
37 26
31 0
23 14
21 18
33 19
25 22
37 26
6 22
25 23
50 5
21 10
25 25
6 25
10 20
17 29
8 29
19 31
12 29
6 26
8 23
19 23
45 22
37 22
39 20
37 21
50 16
37 12
52 20
74 4
76 0
87 -24
87 -26
80 -42
99 -43
109 -41
111 -31
91 -22
85 -19
74 -23
54 -18
68 -8
76 -15
128 -23
144 -32
153 -41
151 -36
134 -29
136 -29
134 -29
