Br Usd
0 0
-22 -16
-28 -9
-17 -26
-8 -50
3 -70
0 -62
-3 -106
5 -136
12 -142
17 -179
13 -176
2 -185
30 -213
7 -286
-33 -309
-52 -195
-73 -255
-88 -265
-48 -265
-47 -208
-50 -158
-38 -128
-37 -90
-30 -96
-27 -87
-17 -85
-5 -60
-25 -35
-38 -35
-18 -76
-27 -95
-33 -72
-20 -71
-23 -70
-18 -62
-25 -76
-12 -71
-10 -71
-5 -67
-3 -35
-2 -28
25 -65
17 -67
8 -81
17 -62
28 -54
28 -55
58 -86
45 -83
40 -59
30 -93
35 -127
28 -129
25 -122
30 -125
30 -124
50 -127
50 -141
33 -145
33 -113
48 -65
43 -112
32 -149
35 -147
32 -176
8 -196
18 -211
27 -184
23 -193
28 -176
37 -143
53 -123
48 -113
22 -97
8 -87
22 -36
18 -33
27 6
17 29
-10 34
-13 55
-18 76
-22 79
-23 59
-13 53
-3 72
2 83
-10 62
-18 66
-17 62
-22 78
-37 76
-43 95
-62 37
-32 53
-27 84
-47 62
-63 53
-65 71
-65 85
-97 95
-135 107
-110 94
-110 115
-97 106
-107 122
-137 150
-147 212
-150 188
-187 225
-233 229
-288 318
-285 224
-330 300
-318 286
-305 266
-363 370
-357 383
-358 376
-367 370
-363 377
-428 353
-402 363
-368 389
-353 374
-350 340
-343 326
-345 335
-357 300
-375 296
-368 333
-372 337
-380 393
-382 386
-372 317
-405 309
-370 331
-333 310
-338 292
-350 309
-337 310
-350 300
-340 312
