Br Usd
0 0
6 7
41 11
47 11
10 13
10 8
18 9
22 12
39 13
47 13
31 15
55 19
51 41
55 61
55 79
76 61
72 123
78 120
82 121
84 132
78 130
86 107
86 117
84 125
80 129
161 114
155 110
139 118
135 129
127 128
125 119
127 138
102 166
117 266
117 240
139 268
139 268
139 385
121 355
145 248
149 282
147 282
155 230
149 239
161 208
159 206
147 211
159 234
147 229
106 232
98 249
88 242
106 249
94 259
96 239
100 236
100 219
106 239
110 238
123 232
90 236
98 246
96 245
94 249
76 239
72 232
55 236
53 229
41 218
27 214
27 193
33 200
10 203
10 222
-4 219
16 230
27 201
25 184
41 194
63 174
70 169
72 175
59 179
63 176
129 166
100 174
94 187
119 193
131 179
133 196
131 190
133 197
110 204
133 229
145 210
108 223
86 210
88 224
72 232
49 230
47 226
82 210
84 208
80 224
108 205
117 211
98 212
82 210
67 191
72 188
80 189
100 174
131 165
135 172
143 175
166 172
174 169
174 175
180 174
188 165
200 161
241 164
270 172
235 166
209 169
217 168
241 166
239 169
243 158
282 158
335 153
409 155
470 152
484 155
482 141
534 141
652 87
630 75
834 -41
703 40
715 26
701 7
652 50
603 66
