Br Usd
0 0
2 -9
-21 -18
-59 50
-51 53
-44 71
-63 76
-59 107
-58 168
-61 152
-68 159
-56 180
-37 181
-31 203
-49 194
-47 182
-26 158
-12 171
-23 161
-16 204
-16 212
-12 229
-7 256
10 301
30 397
35 380
17 336
7 339
-5 376
-12 387
12 380
21 351
17 336
30 334
42 393
42 387
51 292
45 227
33 157
28 207
65 221
59 168
89 84
117 30
89 19
91 -9
96 -47
86 9
108 -18
77 -5
84 24
72 55
68 55
61 62
49 47
56 79
68 109
51 142
72 152
51 148
33 164
31 157
17 79
26 56
37 80
38 79
58 53
59 26
24 9
54 10
63 -36
52 -6
30 -27
70 -80
56 -104
63 -99
56 -71
91 -111
86 -137
66 -97
87 -53
112 -27
131 -51
171 -71
145 -97
157 -179
110 -151
91 -204
84 -185
105 -195
89 -168
108 -112
115 -189
114 -183
107 -151
128 -144
138 -154
149 -154
86 -142
51 -124
72 -141
68 -118
0 -100
19 -112
44 -113
31 -98
44 -115
30 -108
40 -124
21 -138
23 -151
16 -114
31 -151
24 -115
-33 -126
-5 -126
-12 -122
-2 -126
19 -151
21 -125
16 -127
30 -128
26 -161
66 -185
75 -175
75 -188
59 -174
66 -186
79 -151
114 -151
96 -174
91 -176
72 -174
98 -160
80 -160
98 -168
98 -168
105 -168
115 -168
98 -168
93 -168
96 -186
94 -188
93 -169
