<DATE>;<TIME>;<OPEN>;<HIGH>;<LOW>;<CLOSE>;<VOL>
20160222; 202800; 75608.00; 75627.00; 75606.00; 75621.00; 1072.00
20160222; 202900; 75617.00; 75621.00; 75566.00; 75577.00; 4600.00
20160222; 203000; 75577.00; 75580.00; 75533.00; 75533.00; 3956.00
20160222; 203100; 75532.00; 75550.00; 75520.00; 75542.00; 2710.00
20160222; 203200; 75542.00; 75565.00; 75533.00; 75555.00; 1234.00
20160222; 203300; 75552.00; 75560.00; 75536.00; 75545.00; 711.00
20160222; 203400; 75543.00; 75561.00; 75541.00; 75550.00; 381.00
20160222; 203500; 75546.00; 75549.00; 75517.00; 75544.00; 1736.00
20160222; 203600; 75543.00; 75543.00; 75517.00; 75525.00; 848.00
20160222; 203700; 75525.00; 75543.00; 75520.00; 75525.00; 540.00
20160222; 203800; 75525.00; 75568.00; 75523.00; 75568.00; 1701.00
20160222; 203900; 75565.00; 75588.00; 75565.00; 75577.00; 1627.00
20160222; 204000; 75571.00; 75604.00; 75571.00; 75580.00; 2223.00
20160222; 204100; 75582.00; 75595.00; 75574.00; 75588.00; 512.00
20160222; 204200; 75584.00; 75586.00; 75571.00; 75584.00; 396.00
20160222; 204300; 75587.00; 75598.00; 75541.00; 75547.00; 3288.00
20160222; 204400; 75549.00; 75567.00; 75531.00; 75566.00; 1142.00
20160222; 204500; 75565.00; 75578.00; 75541.00; 75548.00; 1186.00
20160222; 204600; 75549.00; 75555.00; 75527.00; 75539.00; 553.00
20160222; 204700; 75540.00; 75558.00; 75527.00; 75552.00; 374.00
20160222; 204800; 75551.00; 75562.00; 75545.00; 75554.00; 328.00
20160222; 204900; 75557.00; 75594.00; 75557.00; 75591.00; 1145.00
20160222; 205000; 75595.00; 75630.00; 75583.00; 75592.00; 2920.00
20160222; 205100; 75592.00; 75598.00; 75574.00; 75582.00; 1821.00
20160222; 205200; 75578.00; 75604.00; 75550.00; 75564.00; 1655.00
20160222; 205300; 75563.00; 75573.00; 75542.00; 75557.00; 716.00
20160222; 205400; 75562.00; 75576.00; 75523.00; 75541.00; 1524.00
20160222; 205500; 75539.00; 75550.00; 75530.00; 75536.00; 505.00
20160222; 205600; 75532.00; 75544.00; 75523.00; 75541.00; 962.00
20160222; 205700; 75538.00; 75567.00; 75516.00; 75528.00; 1732.00
20160222; 205800; 75533.00; 75540.00; 75529.00; 75536.00; 297.00
20160222; 205900; 75533.00; 75572.00; 75533.00; 75558.00; 1374.00
20160222; 210000; 75553.00; 75568.00; 75538.00; 75545.00; 772.00
20160222; 210100; 75545.00; 75565.00; 75534.00; 75542.00; 1186.00
20160222; 210200; 75547.00; 75558.00; 75539.00; 75551.00; 192.00
20160222; 210300; 75550.00; 75566.00; 75533.00; 75541.00; 656.00
20160222; 210400; 75546.00; 75567.00; 75537.00; 75558.00; 449.00
20160222; 210500; 75565.00; 75571.00; 75496.00; 75521.00; 4325.00
20160222; 210600; 75522.00; 75527.00; 75508.00; 75527.00; 417.00
20160222; 210700; 75523.00; 75529.00; 75460.00; 75474.00; 3893.00
20160222; 210800; 75472.00; 75504.00; 75472.00; 75497.00; 1511.00
20160222; 210900; 75493.00; 75530.00; 75493.00; 75529.00; 1324.00
20160222; 211000; 75526.00; 75548.00; 75516.00; 75517.00; 1065.00
20160222; 211100; 75521.00; 75536.00; 75498.00; 75511.00; 1135.00
20160222; 211200; 75508.00; 75530.00; 75493.00; 75508.00; 511.00
20160222; 211300; 75503.00; 75535.00; 75500.00; 75528.00; 963.00
20160222; 211400; 75526.00; 75533.00; 75507.00; 75521.00; 1121.00
20160222; 211500; 75521.00; 75528.00; 75347.00; 75395.00; 21826.00
20160222; 211600; 75390.00; 75400.00; 75371.00; 75380.00; 3003.00
20160222; 211700; 75377.00; 75411.00; 75369.00; 75408.00; 5475.00
20160222; 211800; 75409.00; 75428.00; 75400.00; 75420.00; 2052.00
20160222; 211900; 75422.00; 75446.00; 75404.00; 75420.00; 1580.00
20160222; 212000; 75427.00; 75439.00; 75408.00; 75424.00; 564.00
20160222; 212100; 75431.00; 75466.00; 75406.00; 75463.00; 2173.00
20160222; 212200; 75463.00; 75477.00; 75451.00; 75467.00; 1487.00
20160222; 212300; 75463.00; 75479.00; 75440.00; 75445.00; 1948.00
20160222; 212400; 75445.00; 75474.00; 75441.00; 75463.00; 708.00
20160222; 212500; 75467.00; 75472.00; 75454.00; 75461.00; 456.00
20160222; 212600; 75456.00; 75475.00; 75450.00; 75475.00; 480.00
20160222; 212700; 75469.00; 75485.00; 75460.00; 75481.00; 426.00
20160222; 212800; 75480.00; 75490.00; 75473.00; 75489.00; 736.00
20160222; 212900; 75486.00; 75499.00; 75477.00; 75490.00; 1422.00
20160222; 213000; 75490.00; 75495.00; 75450.00; 75454.00; 1840.00
20160222; 213100; 75451.00; 75463.00; 75433.00; 75446.00; 1799.00
20160222; 213200; 75448.00; 75471.00; 75448.00; 75454.00; 996.00
20160222; 213300; 75459.00; 75475.00; 75452.00; 75462.00; 585.00
20160222; 213400; 75457.00; 75493.00; 75449.00; 75491.00; 1728.00
20160222; 213500; 75492.00; 75513.00; 75475.00; 75513.00; 2828.00
20160222; 213600; 75513.00; 75516.00; 75495.00; 75498.00; 1515.00
20160222; 213700; 75499.00; 75510.00; 75479.00; 75488.00; 2673.00
20160222; 213800; 75490.00; 75499.00; 75460.00; 75488.00; 2195.00
20160222; 213900; 75485.00; 75500.00; 75473.00; 75476.00; 424.00
20160222; 214000; 75476.00; 75500.00; 75470.00; 75484.00; 857.00
20160222; 214100; 75487.00; 75525.00; 75478.00; 75516.00; 1905.00
20160222; 214200; 75516.00; 75516.00; 75494.00; 75498.00; 635.00
20160222; 214300; 75499.00; 75520.00; 75495.00; 75515.00; 735.00
