<DATE>;<TIME>;<OPEN>;<HIGH>;<LOW>;<CLOSE>;<VOL>
20140901;110000;0.0385500;0.0386600;0.0380300;0.0384200;7700550000
20140901;120000;0.0384000;0.0384500;0.0382000;0.0383200;2346740000
20140901;130000;0.0382800;0.0383500;0.0381300;0.0382100;2149200000
20140901;140000;0.0382300;0.0383100;0.0382200;0.0382400;861150000
20140901;150000;0.0382400;0.0388000;0.0382100;0.0386000;5679680000
20140901;160000;0.0386100;0.0389800;0.0385800;0.0386600;4362210000
20140901;170000;0.0386800;0.0387200;0.0383100;0.0384500;4232420000
20140901;180000;0.0384800;0.0385900;0.0384000;0.0384400;1322200000
20140901;190000;0.0384700;0.0385600;0.0383200;0.0383200;2276180000
20140902;110000;0.0383200;0.0385100;0.0381700;0.0383200;2612280000
20140902;120000;0.0383200;0.0384800;0.0382400;0.0383200;1434610000
20140902;130000;0.0383200;0.0385300;0.0381900;0.0383300;4328810000
20140902;140000;0.0383400;0.0384400;0.0382800;0.0383900;1685190000
20140902;150000;0.0383600;0.0384500;0.0383400;0.0383700;856690000
20140902;160000;0.0383800;0.0384100;0.0382000;0.0382400;2238660000
20140902;170000;0.0382400;0.0383300;0.0382000;0.0382300;909890000
20140902;180000;0.0382200;0.0383200;0.0382000;0.0382800;2285810000
20140902;190000;0.0382900;0.0384200;0.0382500;0.0383700;1349700000
20140903;110000;0.0384500;0.0386300;0.0384000;0.0385500;2692530000
20140903;120000;0.0385500;0.0388000;0.0384200;0.0387200;4285900000
20140903;130000;0.0387200;0.0398700;0.0386800;0.0397700;23413500000
20140903;140000;0.0397200;0.0398600;0.0395200;0.0396300;4253090000
20140903;150000;0.0396300;0.0397700;0.0395100;0.0396000;1723310000
20140903;160000;0.0396000;0.0396900;0.0394400;0.0396700;2210020000
20140903;170000;0.0396700;0.0398900;0.0395500;0.0398100;5291000000
20140903;180000;0.0398100;0.0398700;0.0396900;0.0397900;2796550000
20140903;190000;0.0397900;0.0398400;0.0396800;0.0397900;2339410000
20140904;110000;0.0399900;0.0400300;0.0394500;0.0395900;4567950000
20140904;120000;0.0396200;0.0399500;0.0393700;0.0397200;7883240000
20140904;130000;0.0397200;0.0397400;0.0395500;0.0396300;1440160000
20140904;140000;0.0396400;0.0398400;0.0395300;0.0397600;1254510000
20140904;150000;0.0397500;0.0403300;0.0397200;0.0402900;5526700000
20140904;160000;0.0402600;0.0403900;0.0400000;0.0400600;4327500000
20140904;170000;0.0400600;0.0405500;0.0400600;0.0405400;5796270000
20140904;180000;0.0405400;0.0410900;0.0405000;0.0409000;10072150000
20140904;190000;0.0409200;0.0410000;0.0407800;0.0408500;2871730000
20140905;110000;0.0406100;0.0410700;0.0405200;0.0409100;4325090000
20140905;120000;0.0409000;0.0413400;0.0408200;0.0412000;5566320000
20140905;130000;0.0412200;0.0412400;0.0407500;0.0410000;4110680000
20140905;140000;0.0409800;0.0411600;0.0409400;0.0410300;1396940000
20140905;150000;0.0410300;0.0411000;0.0408100;0.0410000;2317570000
20140905;160000;0.0410000;0.0411000;0.0408800;0.0409200;2278310000
20140905;170000;0.0409400;0.0414100;0.0409000;0.0412300;6308650000
20140905;180000;0.0412200;0.0414400;0.0411600;0.0414000;4463420000
20140905;190000;0.0413900;0.0415300;0.0411900;0.0414900;11033470000
20140908;110000;0.0412900;0.0414300;0.0410900;0.0411200;3362140000
20140908;120000;0.0411400;0.0412200;0.0409300;0.0411100;2634820000
20140908;130000;0.0411200;0.0412000;0.0410100;0.0411900;1898600000
20140908;140000;0.0411900;0.0412500;0.0410800;0.0411300;1333210000
20140908;150000;0.0411000;0.0413000;0.0410000;0.0410700;2095280000
20140908;160000;0.0410700;0.0411900;0.0408000;0.0408500;3645260000
20140908;170000;0.0408500;0.0409900;0.0406800;0.0406800;3239550000
20140908;180000;0.0406800;0.0408200;0.0406300;0.0408000;1920200000
20140908;190000;0.0407800;0.0408300;0.0406000;0.0406100;2687880000
20140909;110000;0.0406900;0.0409600;0.0405900;0.0409500;2937450000
20140909;120000;0.0409300;0.0409600;0.0406600;0.0406900;1674650000
20140909;130000;0.0406900;0.0407800;0.0404500;0.0407200;2641260000
20140909;140000;0.0407300;0.0408300;0.0406600;0.0408000;1534360000
20140909;150000;0.0407900;0.0411400;0.0407700;0.0410900;2565090000
20140909;160000;0.0410900;0.0412100;0.0410500;0.0411600;2299390000
20140909;170000;0.0411400;0.0411900;0.0408900;0.0409200;2167820000
20140909;180000;0.0409200;0.0410200;0.0408600;0.0409200;885870000
20140909;190000;0.0409100;0.0409100;0.0406600;0.0406700;2838150000
20140910;110000;0.0405500;0.0405500;0.0402100;0.0403100;2705890000
20140910;120000;0.0403100;0.0405900;0.0402700;0.0405100;2117530000
20140910;130000;0.0405100;0.0405300;0.0403100;0.0404200;962290000
20140910;140000;0.0404500;0.0407500;0.0403700;0.0407100;1894280000
20140910;150000;0.0407200;0.0408900;0.0406400;0.0408300;1418770000
20140910;160000;0.0408300;0.0408500;0.0406600;0.0407600;1339250000
20140910;170000;0.0407300;0.0408400;0.0406000;0.0407300;1744190000
20140910;180000;0.0407300;0.0407500;0.0404600;0.0405400;2121590000
20140910;190000;0.0405100;0.0406700;0.0404100;0.0406700;1630100000
20140911;110000;0.0406600;0.0409700;0.0406600;0.0408400;1927300000
20140911;120000;0.0408400;0.0408500;0.0406500;0.0407000;1357470000
20140911;130000;0.0407000;0.0408000;0.0405900;0.0407400;1957440000
20140911;140000;0.0407100;0.0407900;0.0406200;0.0407700;986370000
20140911;150000;0.0407600;0.0407600;0.0403000;0.0403100;3046820000
20140911;160000;0.0403200;0.0404300;0.0402000;0.0402500;4316550000
20140911;170000;0.0402500;0.0402600;0.0398000;0.0398500;6258400000
20140911;180000;0.0398500;0.0400200;0.0398100;0.0399000;2560410000
20140911;190000;0.0399000;0.0399900;0.0396600;0.0398500;2765090000
20140912;110000;0.0397400;0.0398000;0.0394400;0.0397500;4316230000
20140912;120000;0.0397500;0.0400500;0.0396900;0.0399300;4808060000
20140912;130000;0.0399300;0.0400300;0.0398000;0.0398000;1959140000
20140912;140000;0.0398000;0.0400200;0.0397500;0.0400100;1783590000
20140912;150000;0.0399900;0.0401700;0.0399900;0.0400900;1868510000
20140912;160000;0.0401000;0.0401000;0.0399000;0.0400200;1740680000
20140912;170000;0.0399900;0.0401300;0.0399500;0.0400900;1700550000
20140912;180000;0.0400700;0.0401100;0.0398500;0.0398900;2298180000
20140912;190000;0.0398900;0.0399400;0.0397400;0.0397400;3256250000
20140915;110000;0.0397000;0.0399000;0.0396900;0.0398200;2277190000
20140915;120000;0.0398200;0.0399700;0.0398100;0.0398800;1613330000
20140915;130000;0.0398800;0.0399000;0.0395800;0.0396500;2792370000
20140915;140000;0.0396500;0.0396700;0.0394600;0.0395800;2875500000
20140915;150000;0.0395800;0.0397500;0.0394800;0.0397300;1590840000
20140915;160000;0.0397200;0.0397300;0.0390900;0.0392000;12397500000
20140915;170000;0.0392000;0.0394200;0.0392000;0.0393400;2217630000
20140915;180000;0.0393400;0.0393600;0.0391000;0.0391200;1819300000
20140915;190000;0.0391200;0.0394000;0.0391000;0.0393500;2338820000
20140916;110000;0.0393400;0.0395200;0.0392800;0.0394400;2625460000
20140916;120000;0.0394700;0.0397300;0.0394200;0.0396500;2696410000
20140916;130000;0.0396500;0.0398000;0.0395800;0.0397500;1925860000
20140916;140000;0.0397600;0.0401000;0.0397500;0.0401000;4776360000
20140916;150000;0.0401000;0.0402500;0.0400100;0.0400900;2850630000
20140916;160000;0.0400700;0.0401400;0.0398700;0.0399100;1909340000
20140916;170000;0.0399200;0.0401900;0.0398600;0.0401800;1573890000
20140916;180000;0.0401800;0.0402800;0.0400000;0.0402700;1955470000
20140916;190000;0.0402700;0.0404700;0.0401800;0.0401800;3122800000
20140917;110000;0.0402000;0.0405400;0.0400700;0.0401200;5282430000
20140917;120000;0.0401200;0.0402200;0.0398100;0.0399000;3531970000
20140917;130000;0.0398800;0.0402000;0.0398200;0.0400300;2630500000
20140917;140000;0.0400100;0.0402100;0.0399800;0.0401800;1374880000
20140917;150000;0.0401700;0.0403100;0.0399800;0.0401100;1432170000
20140917;160000;0.0401100;0.0402300;0.0400500;0.0402000;529820000
20140917;170000;0.0401900;0.0404200;0.0401300;0.0403000;2490340000
20140917;180000;0.0403000;0.0403400;0.0400100;0.0403400;2379160000
20140917;190000;0.0403300;0.0404400;0.0402100;0.0403500;1924750000
20140918;110000;0.0402300;0.0405100;0.0401300;0.0402800;2244040000
20140918;120000;0.0402700;0.0402900;0.0400500;0.0402100;1935490000
20140918;130000;0.0402200;0.0404500;0.0402200;0.0404200;847020000
20140918;140000;0.0404200;0.0404600;0.0402700;0.0403800;953700000
20140918;150000;0.0404000;0.0404300;0.0403400;0.0404200;268820000
20140918;160000;0.0404200;0.0404500;0.0403700;0.0404400;404480000
20140918;170000;0.0404400;0.0405600;0.0402000;0.0402600;2872950000
20140918;180000;0.0402300;0.0403000;0.0401000;0.0401200;2542380000
20140918;190000;0.0401300;0.0401600;0.0399200;0.0401000;2482370000
20140919;110000;0.0401300;0.0401300;0.0397700;0.0398900;3936120000
20140919;120000;0.0398900;0.0400100;0.0398300;0.0399300;1167740000
20140919;130000;0.0399300;0.0399400;0.0396300;0.0397600;2759820000
20140919;140000;0.0397500;0.0397900;0.0393400;0.0393800;3470790000
20140919;150000;0.0393800;0.0396000;0.0393500;0.0395500;2796590000
20140919;160000;0.0395500;0.0395900;0.0394300;0.0395600;1511690000
20140919;170000;0.0395300;0.0396400;0.0394700;0.0395700;524220000
20140919;180000;0.0395600;0.0400900;0.0395000;0.0398600;6728340000
20140919;190000;0.0398800;0.0400900;0.0397700;0.0399900;5398930000
20140922;110000;0.0399400;0.0400800;0.0397300;0.0399400;2776250000
20140922;120000;0.0399400;0.0400100;0.0397400;0.0397900;1044530000
20140922;130000;0.0397700;0.0398100;0.0396300;0.0397000;1321450000
20140922;140000;0.0397000;0.0398400;0.0396500;0.0398000;637070000
20140922;150000;0.0398000;0.0399700;0.0397800;0.0398600;752600000
20140922;160000;0.0398900;0.0399600;0.0397800;0.0397800;950580000
20140922;170000;0.0398100;0.0399600;0.0398100;0.0398900;623710000
20140922;180000;0.0398800;0.0399200;0.0396500;0.0397600;1608460000
20140922;190000;0.0397300;0.0398200;0.0395300;0.0395300;2484590000
20140923;110000;0.0396600;0.0399000;0.0396500;0.0398100;2092460000
20140923;120000;0.0398000;0.0399000;0.0396500;0.0397900;3578870000
20140923;130000;0.0398000;0.0400400;0.0397000;0.0399500;2373800000
20140923;140000;0.0399400;0.0404000;0.0399400;0.0401000;4239010000
20140923;150000;0.0401000;0.0401700;0.0400600;0.0401400;676910000
20140923;160000;0.0401500;0.0401700;0.0400400;0.0401200;1027540000
20140923;170000;0.0401200;0.0401900;0.0400800;0.0401600;496940000
20140923;180000;0.0401700;0.0404400;0.0400900;0.0403000;3030920000
20140923;190000;0.0403000;0.0405600;0.0403000;0.0404300;3569110000
20140924;110000;0.0405500;0.0409500;0.0405300;0.0408900;3637150000
20140924;120000;0.0409000;0.0409500;0.0407800;0.0408300;1977160000
20140924;130000;0.0408300;0.0411500;0.0407400;0.0407500;4157660000
20140924;140000;0.0407500;0.0410500;0.0407300;0.0410200;1182810000
20140924;150000;0.0410200;0.0410700;0.0408300;0.0408800;1094030000
20140924;160000;0.0408700;0.0409100;0.0407600;0.0408000;1020650000
20140924;170000;0.0407900;0.0409300;0.0407200;0.0408200;1406190000
20140924;180000;0.0408200;0.0408700;0.0407000;0.0408000;1175740000
20140924;190000;0.0408000;0.0409400;0.0407400;0.0408200;1975350000
20140925;110000;0.0411200;0.0412300;0.0410200;0.0410800;2898130000
20140925;120000;0.0410800;0.0411300;0.0408300;0.0409500;2525540000
20140925;130000;0.0409500;0.0409700;0.0408200;0.0408600;788610000
20140925;140000;0.0408500;0.0409300;0.0407000;0.0408900;3095300000
20140925;150000;0.0408600;0.0409000;0.0407800;0.0408700;286150000
20140925;160000;0.0408900;0.0409700;0.0407300;0.0409700;681510000
20140925;170000;0.0409700;0.0410900;0.0409000;0.0409400;1204430000
20140925;180000;0.0409100;0.0409900;0.0407100;0.0407600;817970000
20140925;190000;0.0407600;0.0407600;0.0400800;0.0404400;6416970000
20140926;110000;0.0401100;0.0404100;0.0397000;0.0403700;4623420000
20140926;120000;0.0403700;0.0404000;0.0400400;0.0401500;3899410000
20140926;130000;0.0401500;0.0403100;0.0401300;0.0401900;957090000
20140926;140000;0.0402000;0.0402100;0.0400500;0.0400600;2053380000
20140926;150000;0.0400600;0.0401000;0.0399200;0.0400300;1358630000
20140926;160000;0.0400400;0.0400600;0.0398300;0.0399200;1188190000
20140926;170000;0.0399500;0.0401500;0.0399200;0.0400700;757100000
20140926;180000;0.0400700;0.0403100;0.0400400;0.0402800;1481320000
20140926;190000;0.0403000;0.0403600;0.0401500;0.0401600;1526880000
20140929;110000;0.0402900;0.0404500;0.0401100;0.0402000;1516840000
20140929;120000;0.0401900;0.0403900;0.0400800;0.0401500;1375310000
20140929;130000;0.0401400;0.0401600;0.0398200;0.0399300;1714950000
20140929;140000;0.0399400;0.0399600;0.0398000;0.0398700;1139830000
20140929;150000;0.0398600;0.0399500;0.0397500;0.0398400;937820000
20140929;160000;0.0398400;0.0398400;0.0396100;0.0397300;1296710000
20140929;170000;0.0397300;0.0399400;0.0396600;0.0397200;1475860000
20140929;180000;0.0397300;0.0397400;0.0393900;0.0394600;4559950000
20140929;190000;0.0394500;0.0395000;0.0391800;0.0392500;5063300000
20140930;110000;0.0393100;0.0394700;0.0390300;0.0392000;3140470000
20140930;120000;0.0392200;0.0394300;0.0392000;0.0393300;1570770000
20140930;130000;0.0393200;0.0393200;0.0390000;0.0390900;1993360000
20140930;140000;0.0390600;0.0393400;0.0390600;0.0393300;917330000
20140930;150000;0.0393300;0.0395500;0.0392300;0.0395100;1904490000
20140930;160000;0.0395100;0.0395700;0.0394300;0.0394900;1202890000
20140930;170000;0.0394800;0.0396100;0.0394000;0.0395100;1384870000
20140930;180000;0.0395100;0.0396400;0.0391300;0.0392500;3183680000
20140930;190000;0.0392200;0.0393000;0.0380400;0.0380400;3970260000
20141001;110000;0.0384900;0.0389500;0.0382700;0.0387700;3366310000
20141001;120000;0.0387700;0.0387800;0.0385100;0.0386000;1823020000
20141001;130000;0.0385700;0.0389800;0.0384700;0.0388800;2191250000
20141001;140000;0.0388900;0.0389900;0.0388500;0.0389200;1681560000
20141001;150000;0.0389100;0.0390900;0.0388200;0.0390600;2082080000
20141001;160000;0.0390600;0.0391000;0.0388500;0.0388600;1134910000
20141001;170000;0.0388500;0.0389400;0.0387300;0.0388500;1299030000
20141001;180000;0.0388700;0.0388800;0.0386400;0.0387000;2144950000
20141001;190000;0.0387100;0.0388900;0.0382000;0.0382000;3503400000
20141002;110000;0.0382000;0.0385800;0.0382000;0.0383400;1808020000
20141002;120000;0.0383300;0.0383800;0.0380800;0.0383500;2714220000
20141002;130000;0.0383500;0.0384600;0.0382000;0.0383100;2955200000
20141002;140000;0.0383400;0.0386200;0.0383400;0.0385500;1630290000
20141002;150000;0.0385500;0.0385500;0.0380000;0.0381800;4168120000
20141002;160000;0.0381800;0.0383000;0.0378000;0.0380000;4046640000
20141002;170000;0.0380100;0.0380800;0.0379100;0.0380100;1174650000
20141002;180000;0.0380100;0.0383900;0.0379500;0.0383200;2679890000
20141002;190000;0.0383400;0.0383600;0.0380000;0.0380600;3477220000
20141003;110000;0.0382300;0.0384600;0.0382000;0.0383700;4079050000
20141003;120000;0.0383100;0.0388500;0.0382700;0.0387500;3248860000
20141003;130000;0.0387500;0.0387700;0.0385600;0.0386300;547650000
20141003;140000;0.0386500;0.0387100;0.0385400;0.0386100;539430000
20141003;150000;0.0386000;0.0387400;0.0385700;0.0386800;529830000
20141003;160000;0.0386900;0.0387100;0.0385800;0.0386700;696140000
20141003;170000;0.0386700;0.0387700;0.0384000;0.0384200;1577190000
20141003;180000;0.0384200;0.0389400;0.0383600;0.0388500;3320630000
20141003;190000;0.0388500;0.0389000;0.0385200;0.0388000;3333470000
20141006;110000;0.0390100;0.0395400;0.0390000;0.0393100;4527210000
20141006;120000;0.0393200;0.0394400;0.0392500;0.0393200;898720000
20141006;130000;0.0393500;0.0394100;0.0392800;0.0394100;700740000
20141006;140000;0.0394100;0.0395100;0.0393400;0.0394200;1317690000
20141006;150000;0.0393900;0.0395500;0.0393900;0.0395300;1454800000
20141006;160000;0.0395300;0.0397800;0.0395100;0.0397400;2365630000
20141006;170000;0.0397600;0.0399400;0.0396800;0.0398900;1855660000
20141006;180000;0.0398900;0.0400700;0.0398100;0.0399900;1891710000
20141006;190000;0.0399900;0.0400900;0.0398100;0.0398300;2908900000
20141007;110000;0.0399000;0.0401500;0.0397500;0.0398300;1857390000
20141007;120000;0.0398200;0.0398200;0.0393700;0.0394300;3296990000
20141007;130000;0.0394300;0.0395000;0.0391700;0.0393400;2592570000
20141007;140000;0.0393100;0.0393400;0.0389500;0.0390600;3202020000
20141007;150000;0.0390600;0.0391900;0.0389500;0.0391600;1874550000
20141007;160000;0.0391700;0.0392400;0.0389900;0.0391500;1547390000
20141007;170000;0.0391400;0.0392100;0.0390200;0.0390200;1515480000
20141007;180000;0.0390200;0.0391000;0.0390000;0.0390800;1090700000
20141007;190000;0.0390600;0.0391900;0.0389700;0.0391900;2542590000
20141008;110000;0.0389200;0.0389800;0.0386000;0.0386900;2694220000
20141008;120000;0.0386700;0.0387400;0.0385200;0.0385800;2584950000
20141008;130000;0.0385700;0.0386700;0.0384500;0.0384700;1911680000
20141008;140000;0.0384700;0.0386500;0.0384400;0.0386200;627630000
20141008;150000;0.0386200;0.0386900;0.0385800;0.0386200;447480000
20141008;160000;0.0386500;0.0389400;0.0386200;0.0389300;2033560000
20141008;170000;0.0389200;0.0389800;0.0387800;0.0388500;2829400000
20141008;180000;0.0388300;0.0388500;0.0385100;0.0385400;2622660000
20141008;190000;0.0385200;0.0385700;0.0383300;0.0383300;4008240000
20141009;110000;0.0387900;0.0389900;0.0385700;0.0387300;6719120000
20141009;120000;0.0387400;0.0388300;0.0386300;0.0387700;1297750000
20141009;130000;0.0387900;0.0390400;0.0387700;0.0389000;2609560000
20141009;140000;0.0389100;0.0389900;0.0388100;0.0389000;1068330000
20141009;150000;0.0389000;0.0389500;0.0387500;0.0387700;1051760000
20141009;160000;0.0387600;0.0387800;0.0385300;0.0385600;1959870000
20141009;170000;0.0385600;0.0387000;0.0385100;0.0386900;1303560000
20141009;180000;0.0386700;0.0388400;0.0385900;0.0386000;1113820000
20141009;190000;0.0386000;0.0387200;0.0385100;0.0385300;1893690000
20141010;110000;0.0380700;0.0384600;0.0380000;0.0382700;10558130000
20141010;120000;0.0382400;0.0385500;0.0381900;0.0385500;3038240000
20141010;130000;0.0385300;0.0386200;0.0383600;0.0384000;1614270000
20141010;140000;0.0384000;0.0384100;0.0381800;0.0382900;2332390000
20141010;150000;0.0382600;0.0384600;0.0382600;0.0384600;2287270000
20141010;160000;0.0384400;0.0385200;0.0383300;0.0383700;1631820000
20141010;170000;0.0383700;0.0388500;0.0382400;0.0387800;3111730000
20141010;180000;0.0387900;0.0388200;0.0385600;0.0387300;2117670000
20141010;190000;0.0387200;0.0389000;0.0385200;0.0385200;2140340000
20141013;110000;0.0384400;0.0395000;0.0383100;0.0392900;8180230000
20141013;120000;0.0393000;0.0393200;0.0389300;0.0390300;4002910000
20141013;130000;0.0390300;0.0391400;0.0389900;0.0391400;1104670000
20141013;140000;0.0391400;0.0392000;0.0390500;0.0391600;681430000
20141013;150000;0.0391600;0.0393900;0.0391100;0.0393800;2653020000
20141013;160000;0.0393800;0.0394500;0.0392300;0.0392900;2467350000
20141013;170000;0.0392700;0.0393000;0.0391300;0.0391800;966520000
20141013;180000;0.0391800;0.0393100;0.0390600;0.0391100;1685390000
20141013;190000;0.0391100;0.0392000;0.0390300;0.0390500;2035970000
20141014;110000;0.0391200;0.0393700;0.0390500;0.0393000;2095740000
20141014;120000;0.0393200;0.0394000;0.0392400;0.0393800;1885050000
20141014;130000;0.0393600;0.0394000;0.0390700;0.0391700;2312800000
20141014;140000;0.0391700;0.0393300;0.0391200;0.0393200;937620000
20141014;150000;0.0393200;0.0393400;0.0390700;0.0391500;713410000
20141014;160000;0.0391400;0.0393800;0.0390700;0.0393600;1456680000
20141014;170000;0.0393300;0.0397800;0.0393300;0.0396800;4757420000
20141014;180000;0.0396800;0.0397500;0.0392600;0.0393000;2933110000
20141014;190000;0.0392800;0.0395000;0.0391700;0.0395000;3459130000
20141015;110000;0.0395000;0.0396700;0.0387600;0.0393200;12753670000
20141015;120000;0.0393200;0.0393500;0.0389500;0.0389500;2608150000
20141015;130000;0.0389500;0.0391000;0.0388700;0.0390500;1645860000
20141015;140000;0.0390600;0.0393400;0.0390500;0.0392600;2310850000
20141015;150000;0.0392600;0.0393600;0.0391700;0.0392700;899370000
20141015;160000;0.0392800;0.0394200;0.0390500;0.0391000;1548780000
20141015;170000;0.0391000;0.0391600;0.0390300;0.0390800;879330000
20141015;180000;0.0390500;0.0390800;0.0388500;0.0390200;2468730000
20141015;190000;0.0390000;0.0391400;0.0389500;0.0389500;1443690000
20141016;110000;0.0390600;0.0392900;0.0390300;0.0392100;1528820000
20141016;120000;0.0391900;0.0395700;0.0391300;0.0394200;3392180000
20141016;130000;0.0394200;0.0396300;0.0394100;0.0395800;3370090000
20141016;140000;0.0395700;0.0396200;0.0392300;0.0392300;5055560000
20141016;150000;0.0392500;0.0393000;0.0390100;0.0391200;3185750000
20141016;160000;0.0391200;0.0392600;0.0390200;0.0391500;2405100000
20141016;170000;0.0391500;0.0392900;0.0386000;0.0387300;4083100000
20141016;180000;0.0387100;0.0388700;0.0386400;0.0388100;1810300000
20141016;190000;0.0388200;0.0389100;0.0386500;0.0386500;1602210000
20141017;110000;0.0389600;0.0391900;0.0389100;0.0391400;2114090000
20141017;120000;0.0391700;0.0394000;0.0390700;0.0394000;3047520000
20141017;130000;0.0394000;0.0395300;0.0392900;0.0395300;2511900000
20141017;140000;0.0395400;0.0395900;0.0392600;0.0393100;1618810000
20141017;150000;0.0393200;0.0394000;0.0392500;0.0393600;589620000
20141017;160000;0.0393500;0.0394200;0.0392700;0.0393200;550500000
20141017;170000;0.0393200;0.0397400;0.0392800;0.0396700;3145340000
20141017;180000;0.0396700;0.0397100;0.0394600;0.0395700;1120180000
20141017;190000;0.0395700;0.0397300;0.0393900;0.0395100;2264050000
20141020;110000;0.0395100;0.0400000;0.0395100;0.0398700;2096790000
20141020;120000;0.0398500;0.0398900;0.0396000;0.0396300;1891770000
20141020;130000;0.0396300;0.0396500;0.0394300;0.0394300;3185400000
20141020;140000;0.0394300;0.0396200;0.0394100;0.0394400;1678700000
20141020;150000;0.0394400;0.0395900;0.0393600;0.0394100;1642140000
20141020;160000;0.0393800;0.0394800;0.0391600;0.0393100;2121490000
20141020;170000;0.0393300;0.0395000;0.0393300;0.0394500;1318670000
20141020;180000;0.0394500;0.0394700;0.0392400;0.0394100;1432070000
20141020;190000;0.0394100;0.0394200;0.0392200;0.0394000;2100930000
20141021;110000;0.0392900;0.0393300;0.0390000;0.0390600;2518300000
20141021;120000;0.0390500;0.0393800;0.0390400;0.0392600;3586570000
20141021;130000;0.0392600;0.0393800;0.0392200;0.0393800;2155730000
20141021;140000;0.0393800;0.0394000;0.0392700;0.0393100;1400910000
20141021;150000;0.0393200;0.0394200;0.0392600;0.0393500;1353250000
20141021;160000;0.0393500;0.0393900;0.0392900;0.0392900;959340000
20141021;170000;0.0392900;0.0393800;0.0392200;0.0393600;881480000
20141021;180000;0.0393700;0.0394700;0.0392700;0.0393000;1875280000
20141021;190000;0.0393000;0.0393000;0.0390400;0.0390400;3804280000
20141022;110000;0.0393000;0.0393800;0.0385700;0.0386800;4722900000
20141022;120000;0.0386600;0.0388800;0.0386400;0.0387900;1859090000
20141022;130000;0.0387900;0.0388400;0.0386700;0.0387600;819700000
20141022;140000;0.0387400;0.0387600;0.0385500;0.0386400;1454160000
20141022;150000;0.0386400;0.0386500;0.0382200;0.0382800;4702980000
20141022;160000;0.0382800;0.0384800;0.0382500;0.0383700;1398860000
20141022;170000;0.0383800;0.0384700;0.0382500;0.0383900;1618190000
20141022;180000;0.0383600;0.0385100;0.0383400;0.0383800;1253560000
20141022;190000;0.0383800;0.0384700;0.0383000;0.0383000;3206210000
20141023;110000;0.0382000;0.0382300;0.0379100;0.0379400;2981700000
20141023;120000;0.0379400;0.0380900;0.0378100;0.0380600;2217220000
20141023;130000;0.0380600;0.0381400;0.0379600;0.0379700;944100000
20141023;140000;0.0379700;0.0379700;0.0376700;0.0378500;2868320000
20141023;150000;0.0378300;0.0379300;0.0377000;0.0377400;1004430000
20141023;160000;0.0377300;0.0379600;0.0377100;0.0379200;880230000
20141023;170000;0.0379400;0.0381300;0.0379100;0.0380600;1878030000
20141023;180000;0.0380800;0.0381000;0.0378600;0.0380300;1207770000
20141023;190000;0.0380300;0.0381400;0.0377500;0.0377700;3353390000
20141024;110000;0.0378300;0.0379900;0.0375200;0.0376200;2468310000
20141024;120000;0.0376400;0.0376600;0.0373500;0.0374200;1890720000
20141024;130000;0.0374100;0.0374900;0.0373500;0.0374400;747260000
20141024;140000;0.0374300;0.0375400;0.0374200;0.0375100;699870000
20141024;150000;0.0375100;0.0376300;0.0374700;0.0375500;634920000
20141024;160000;0.0375800;0.0376300;0.0375100;0.0376200;575810000
20141024;170000;0.0376300;0.0379800;0.0376100;0.0379800;2411030000
20141024;180000;0.0379500;0.0380700;0.0379100;0.0380500;2999580000
20141024;190000;0.0380300;0.0383700;0.0379900;0.0383700;3904660000
20141027;110000;0.0386700;0.0389900;0.0386700;0.0389700;3777600000
20141027;120000;0.0389700;0.0390500;0.0388600;0.0389800;2550440000
20141027;130000;0.0389800;0.0391400;0.0388900;0.0389200;3274870000
20141027;140000;0.0389200;0.0389500;0.0388200;0.0388700;1130020000
20141027;150000;0.0388800;0.0389100;0.0387300;0.0387500;1100640000
20141027;160000;0.0387400;0.0389100;0.0386200;0.0386300;2170780000
20141027;170000;0.0386400;0.0386400;0.0382800;0.0383600;3800680000
20141027;180000;0.0383600;0.0385600;0.0382500;0.0385400;2300280000
20141027;190000;0.0385500;0.0386600;0.0383700;0.0384500;1795820000
20141028;110000;0.0386100;0.0386300;0.0382700;0.0385900;2289520000
20141028;120000;0.0385900;0.0389400;0.0385600;0.0388400;2782130000
20141028;130000;0.0388300;0.0391000;0.0388100;0.0389400;3531220000
20141028;140000;0.0389400;0.0390000;0.0388700;0.0389600;1856090000
20141028;150000;0.0389700;0.0391100;0.0389000;0.0389600;1635790000
20141028;160000;0.0389600;0.0389800;0.0388000;0.0388600;2000590000
20141028;170000;0.0388300;0.0389500;0.0387800;0.0388900;1720780000
20141028;180000;0.0389100;0.0389600;0.0388200;0.0388800;1623490000
20141028;190000;0.0389100;0.0390100;0.0388500;0.0388500;3269370000
20141029;110000;0.0390300;0.0391400;0.0388400;0.0388800;2610440000
20141029;120000;0.0388900;0.0392700;0.0388000;0.0392400;4211060000
20141029;130000;0.0392700;0.0393800;0.0392000;0.0392000;4598130000
20141029;140000;0.0392000;0.0393100;0.0392000;0.0392500;1502790000
20141029;150000;0.0392500;0.0394800;0.0392000;0.0394500;5295570000
20141029;160000;0.0394500;0.0397300;0.0394100;0.0396700;5222920000
20141029;170000;0.0396700;0.0398700;0.0396600;0.0398100;3611320000
20141029;180000;0.0398000;0.0398500;0.0393100;0.0393800;3695950000
20141029;190000;0.0393800;0.0396000;0.0393400;0.0396000;3706810000
20141030;110000;0.0394000;0.0397000;0.0392000;0.0394600;5527950000
20141030;120000;0.0394700;0.0397100;0.0393900;0.0395400;4432000000
20141030;130000;0.0395400;0.0395600;0.0393000;0.0394500;2927550000
20141030;140000;0.0394500;0.0398600;0.0394500;0.0397800;7722090000
20141030;150000;0.0397700;0.0398700;0.0396000;0.0397600;6478070000
20141030;160000;0.0397700;0.0398600;0.0395100;0.0395900;4249860000
20141030;170000;0.0395800;0.0398600;0.0395600;0.0396900;4734700000
20141030;180000;0.0396900;0.0398000;0.0396000;0.0396800;3203320000
20141030;190000;0.0397000;0.0398300;0.0396000;0.0398300;4149360000
20141031;110000;0.0398000;0.0401000;0.0397000;0.0400400;6271120000
20141031;120000;0.0400400;0.0400500;0.0394300;0.0394400;6962730000
20141031;130000;0.0394600;0.0395000;0.0388700;0.0391100;12338700000
20141031;140000;0.0391100;0.0393000;0.0390600;0.0391900;6061300000
20141031;150000;0.0392000;0.0394400;0.0391000;0.0394300;2613050000
20141031;160000;0.0394300;0.0395200;0.0393500;0.0395000;3981500000
20141031;170000;0.0395000;0.0396400;0.0395000;0.0395600;7024720000
20141031;180000;0.0395500;0.0398500;0.0395000;0.0396600;8211680000
20141031;190000;0.0396600;0.0399300;0.0395600;0.0399300;6147030000
20141103;110000;0.0397300;0.0399700;0.0394500;0.0397300;2193960000
20141103;120000;0.0397300;0.0399200;0.0396200;0.0398800;1781420000
20141103;130000;0.0398800;0.0400300;0.0398700;0.0398900;2132150000
20141103;140000;0.0399100;0.0400300;0.0398900;0.0399400;1112340000
20141103;150000;0.0399500;0.0400000;0.0398400;0.0400000;1135100000
20141103;160000;0.0400000;0.0400500;0.0399100;0.0400400;1315240000
20141103;170000;0.0400100;0.0400600;0.0399600;0.0399800;962560000
20141103;180000;0.0399900;0.0400300;0.0399500;0.0400000;1537220000
20141103;190000;0.0399800;0.0400900;0.0399500;0.0400900;4105930000
20141105;110000;0.0395900;0.0396600;0.0393200;0.0395300;6811900000
20141105;120000;0.0395400;0.0397900;0.0394500;0.0396700;4005430000
20141105;130000;0.0396900;0.0398600;0.0396400;0.0398200;3617440000
20141105;140000;0.0398200;0.0400400;0.0397500;0.0399800;3432270000
20141105;150000;0.0399800;0.0400600;0.0399200;0.0400100;1843670000
20141105;160000;0.0400100;0.0400600;0.0399800;0.0400400;2245580000
20141105;170000;0.0400400;0.0400600;0.0400000;0.0400000;3024420000
20141105;180000;0.0400000;0.0402000;0.0399300;0.0400200;13299770000
20141105;190000;0.0400200;0.0401000;0.0400000;0.0400100;2874830000
20141106;110000;0.0400000;0.0405500;0.0400000;0.0405200;3904730000
20141106;120000;0.0405200;0.0405700;0.0401100;0.0401700;6161530000
20141106;130000;0.0401700;0.0404200;0.0401600;0.0403600;1411010000
20141106;140000;0.0403600;0.0405100;0.0403000;0.0404500;2029710000
20141106;150000;0.0404400;0.0406100;0.0404000;0.0405200;2005380000
20141106;160000;0.0405300;0.0405600;0.0405000;0.0405000;3072050000
20141106;170000;0.0405000;0.0405500;0.0403900;0.0404400;7047890000
20141106;180000;0.0404400;0.0405000;0.0403900;0.0404100;2559880000
20141106;190000;0.0404200;0.0404400;0.0400000;0.0401800;9994620000
20141107;110000;0.0403300;0.0404500;0.0400500;0.0403200;6006680000
20141107;120000;0.0403300;0.0405600;0.0402400;0.0404100;6747380000
20141107;130000;0.0404100;0.0409600;0.0403100;0.0404000;5950480000
20141107;140000;0.0404000;0.0405100;0.0402600;0.0403900;3275420000
20141107;150000;0.0403900;0.0406700;0.0403400;0.0405000;6297280000
20141107;160000;0.0405000;0.0409200;0.0403000;0.0403500;16928750000
20141107;170000;0.0403400;0.0405000;0.0402700;0.0403800;2874640000
20141107;180000;0.0404100;0.0404900;0.0403500;0.0404800;2608890000
20141107;190000;0.0404800;0.0406000;0.0403200;0.0403200;2401690000
20141110;110000;0.0404500;0.0410000;0.0404500;0.0407200;3654950000
20141110;120000;0.0407100;0.0410000;0.0406900;0.0410000;3010410000
20141110;130000;0.0410000;0.0411300;0.0405700;0.0407500;9938290000
20141110;140000;0.0407600;0.0409100;0.0407500;0.0408600;1839790000
20141110;150000;0.0408800;0.0409200;0.0408300;0.0409000;636020000
20141110;160000;0.0409000;0.0409400;0.0408500;0.0408900;2517820000
20141110;170000;0.0408900;0.0410600;0.0408500;0.0409800;2498180000
20141110;180000;0.0409800;0.0414400;0.0409200;0.0413700;7236080000
20141110;190000;0.0414000;0.0423500;0.0413300;0.0421900;8672210000
20141111;110000;0.0422200;0.0437400;0.0422000;0.0436600;14797730000
20141111;120000;0.0436700;0.0436900;0.0431600;0.0433800;8417490000
20141111;130000;0.0434000;0.0439700;0.0433800;0.0439000;4956790000
20141111;140000;0.0439000;0.0441900;0.0438300;0.0438400;9376420000
20141111;150000;0.0438500;0.0439100;0.0435600;0.0438200;4636260000
20141111;160000;0.0438200;0.0444000;0.0435200;0.0441600;20882170000
20141111;170000;0.0441800;0.0442200;0.0438100;0.0438400;5455700000
20141111;180000;0.0438400;0.0438500;0.0429700;0.0429800;9522660000
20141111;190000;0.0430000;0.0431400;0.0420300;0.0420300;15364900000
20141112;110000;0.0422200;0.0425700;0.0420000;0.0424200;15070080000
20141112;120000;0.0424000;0.0431000;0.0423500;0.0426100;11241300000
20141112;130000;0.0426200;0.0433200;0.0425700;0.0432800;10104050000
20141112;140000;0.0432800;0.0438900;0.0432800;0.0436100;13819760000
20141112;150000;0.0436300;0.0438000;0.0433400;0.0434500;11276380000
20141112;160000;0.0434500;0.0439900;0.0433000;0.0439000;9285670000
20141112;170000;0.0439000;0.0439100;0.0435000;0.0436300;5548780000
20141112;180000;0.0436200;0.0440000;0.0435900;0.0438800;13887870000
20141112;190000;0.0439000;0.0440000;0.0437500;0.0439100;9909560000
20141113;110000;0.0438500;0.0448500;0.0437900;0.0441600;14640900000
20141113;120000;0.0441800;0.0451800;0.0438500;0.0449600;21114530000
20141113;130000;0.0449500;0.0449600;0.0446200;0.0448500;11841410000
20141113;140000;0.0448500;0.0454700;0.0448500;0.0451400;19145490000
20141113;150000;0.0451400;0.0453400;0.0450200;0.0451400;5195380000
20141113;160000;0.0451300;0.0452500;0.0443000;0.0444000;12037920000
20141113;170000;0.0444300;0.0452300;0.0442700;0.0450900;16331750000
20141113;180000;0.0450900;0.0456000;0.0450900;0.0452900;20033510000
20141113;190000;0.0453000;0.0453000;0.0445000;0.0447200;13225870000
20141114;110000;0.0446100;0.0451000;0.0444000;0.0445100;16324810000
20141114;120000;0.0445100;0.0447400;0.0435400;0.0437600;16970890000
20141114;130000;0.0437200;0.0441900;0.0436400;0.0438800;9353730000
20141114;140000;0.0438800;0.0440000;0.0433600;0.0434500;8408500000
20141114;150000;0.0434300;0.0435500;0.0433300;0.0433900;2670750000
20141114;160000;0.0433900;0.0434400;0.0432500;0.0432800;3767940000
20141114;170000;0.0433000;0.0436700;0.0430800;0.0434000;14166920000
20141114;180000;0.0433900;0.0441300;0.0433500;0.0439400;13099410000
20141114;190000;0.0439400;0.0439500;0.0435400;0.0437500;5372550000
20141117;110000;0.0436400;0.0436500;0.0431000;0.0435000;9072900000
20141117;120000;0.0434900;0.0441300;0.0434800;0.0439600;7626130000
20141117;130000;0.0439900;0.0440500;0.0439400;0.0440100;1195100000
20141117;140000;0.0440100;0.0440100;0.0437500;0.0438500;1742940000
20141117;150000;0.0438500;0.0439000;0.0435200;0.0435500;2284660000
20141117;160000;0.0435500;0.0438000;0.0435400;0.0436700;2272140000
20141117;170000;0.0436800;0.0440500;0.0436700;0.0438700;4118620000
20141117;180000;0.0438600;0.0439000;0.0434500;0.0437200;25201290000
20141117;190000;0.0437400;0.0439000;0.0437000;0.0438600;5387350000
20141118;110000;0.0439900;0.0443000;0.0438300;0.0439500;5036150000
20141118;120000;0.0439500;0.0440400;0.0436000;0.0440300;4841680000
20141118;130000;0.0440100;0.0442000;0.0439000;0.0441800;3059990000
20141118;140000;0.0441800;0.0443500;0.0440300;0.0441600;1898660000
20141118;150000;0.0441600;0.0441900;0.0440000;0.0440100;1015160000
20141118;160000;0.0440400;0.0445500;0.0440100;0.0445400;2874720000
20141118;170000;0.0445400;0.0445600;0.0440000;0.0440200;5712260000
20141118;180000;0.0440300;0.0441400;0.0439000;0.0440000;3487220000
20141118;190000;0.0440100;0.0441500;0.0439000;0.0439300;3149310000
20141119;110000;0.0443200;0.0443300;0.0438500;0.0441000;2893970000
20141119;120000;0.0441100;0.0441600;0.0438700;0.0439600;2711710000
20141119;130000;0.0439800;0.0441000;0.0439100;0.0439500;1954770000
20141119;140000;0.0439500;0.0440800;0.0439000;0.0439800;1787820000
20141119;150000;0.0439800;0.0440200;0.0439300;0.0439500;840070000
20141119;160000;0.0439400;0.0439500;0.0436500;0.0438400;3018470000
20141119;170000;0.0438500;0.0439000;0.0438000;0.0438800;1122690000
20141119;180000;0.0438600;0.0439000;0.0438000;0.0439000;4738470000
20141119;190000;0.0439000;0.0442000;0.0438300;0.0439600;3754580000
20141120;110000;0.0439800;0.0441800;0.0439000;0.0440900;2841980000
20141120;120000;0.0441100;0.0443000;0.0438700;0.0439900;3151770000
20141120;130000;0.0439900;0.0441300;0.0438900;0.0439000;1552820000
20141120;140000;0.0439000;0.0439700;0.0436000;0.0438500;2965190000
20141120;150000;0.0438600;0.0441300;0.0438100;0.0440200;3807540000
20141120;160000;0.0440600;0.0441100;0.0439500;0.0440400;1744100000
20141120;170000;0.0440400;0.0440500;0.0439500;0.0439500;919030000
20141120;180000;0.0439500;0.0441300;0.0439500;0.0440600;2228810000
20141120;190000;0.0440900;0.0443600;0.0439500;0.0442000;4676870000
20141121;110000;0.0442100;0.0443300;0.0439200;0.0439700;2218170000
20141121;120000;0.0439900;0.0441500;0.0439200;0.0440000;1469780000
20141121;130000;0.0440000;0.0440400;0.0439500;0.0439600;686710000
20141121;140000;0.0439800;0.0442200;0.0439500;0.0442200;1398080000
20141121;150000;0.0442200;0.0442900;0.0440600;0.0441000;2022500000
20141121;160000;0.0441100;0.0442900;0.0440700;0.0442000;1646890000
20141121;170000;0.0442000;0.0445500;0.0440800;0.0445500;2892030000
20141121;180000;0.0445500;0.0456700;0.0444400;0.0453600;15438640000
20141121;190000;0.0453800;0.0455700;0.0451600;0.0452600;5315520000
20141124;110000;0.0455600;0.0456000;0.0450100;0.0451100;4488770000
20141124;120000;0.0451000;0.0452700;0.0448700;0.0451300;2037100000
20141124;130000;0.0451400;0.0459700;0.0451400;0.0458600;5121990000
20141124;140000;0.0458600;0.0458900;0.0456900;0.0458500;2721960000
20141124;150000;0.0458500;0.0458700;0.0457300;0.0457900;1085430000
20141124;160000;0.0457700;0.0463400;0.0457500;0.0462100;14592290000
20141124;170000;0.0462100;0.0465000;0.0458800;0.0459000;6384570000
20141124;180000;0.0459200;0.0459200;0.0453800;0.0458500;22984340000
20141124;190000;0.0458400;0.0462000;0.0457000;0.0462000;5215650000
20141125;110000;0.0462000;0.0468300;0.0460000;0.0462500;12487060000
20141125;120000;0.0462500;0.0464500;0.0459400;0.0461500;15855810000
20141125;130000;0.0461300;0.0465500;0.0460600;0.0463900;5797480000
20141125;140000;0.0463900;0.0465000;0.0463800;0.0464000;8315690000
20141125;150000;0.0464100;0.0464200;0.0460900;0.0463800;5954360000
20141125;160000;0.0463800;0.0464400;0.0462700;0.0463900;1836110000
20141125;170000;0.0463800;0.0464400;0.0460400;0.0464400;15537740000
20141125;180000;0.0464200;0.0467200;0.0464000;0.0467200;3859410000
20141125;190000;0.0467100;0.0467500;0.0460000;0.0460000;5707960000
20141126;110000;0.0460000;0.0462800;0.0458000;0.0459800;5884450000
20141126;120000;0.0459900;0.0460900;0.0452000;0.0457600;22399190000
20141126;130000;0.0457600;0.0458900;0.0457500;0.0458700;4372760000
20141126;140000;0.0458700;0.0459000;0.0458500;0.0458500;2257590000
20141126;150000;0.0458700;0.0461900;0.0458500;0.0460300;3110120000
20141126;160000;0.0460300;0.0460600;0.0459100;0.0459100;11574570000
20141126;170000;0.0459300;0.0463800;0.0459100;0.0463700;5847520000
20141126;180000;0.0463600;0.0469400;0.0462100;0.0467000;7312630000
20141126;190000;0.0467000;0.0472500;0.0466500;0.0472000;8385520000
20141127;110000;0.0471800;0.0476900;0.0471200;0.0472700;8645380000
20141127;120000;0.0472600;0.0472700;0.0465600;0.0467000;7091850000
20141127;130000;0.0466700;0.0470200;0.0465300;0.0469600;19632240000
20141127;140000;0.0469500;0.0469700;0.0467500;0.0468600;2963440000
20141127;150000;0.0468500;0.0468900;0.0459000;0.0462100;70566980000
20141127;160000;0.0462100;0.0463200;0.0460000;0.0462900;4977810000
20141127;170000;0.0462900;0.0467000;0.0460400;0.0465300;6924970000
20141127;180000;0.0465300;0.0469600;0.0465000;0.0468500;7000590000
20141127;190000;0.0468500;0.0469400;0.0464200;0.0467000;6569460000
20141128;110000;0.0465000;0.0465800;0.0461700;0.0464300;5885520000
20141128;120000;0.0464100;0.0467000;0.0463000;0.0463700;7924500000
20141128;130000;0.0463700;0.0465500;0.0463000;0.0464700;5817980000
20141128;140000;0.0464900;0.0469300;0.0463600;0.0468300;5892060000
20141128;150000;0.0468300;0.0469500;0.0467500;0.0468000;3728680000
20141128;160000;0.0467900;0.0468200;0.0464200;0.0465400;6046740000
20141128;170000;0.0465400;0.0467800;0.0463600;0.0464200;2305530000
20141128;180000;0.0464200;0.0464900;0.0452500;0.0455400;10825690000
20141128;190000;0.0455200;0.0467000;0.0447500;0.0467000;45774260000
20141201;110000;0.0462000;0.0467900;0.0456200;0.0461900;8589550000
20141201;120000;0.0462100;0.0465000;0.0461000;0.0464900;5753960000
20141201;130000;0.0465000;0.0466900;0.0463400;0.0466300;6455120000
20141201;140000;0.0466300;0.0474500;0.0466300;0.0467000;6953720000
20141201;150000;0.0466600;0.0469600;0.0464100;0.0466200;6334710000
20141201;160000;0.0466500;0.0473000;0.0464100;0.0471400;9004140000
20141201;170000;0.0471400;0.0473000;0.0468400;0.0469300;3982270000
20141201;180000;0.0469600;0.0469900;0.0464000;0.0464000;4499570000
20141201;190000;0.0464000;0.0468500;0.0464000;0.0467500;6932690000
20141202;110000;0.0469100;0.0470900;0.0463100;0.0464900;4904350000
20141202;120000;0.0464600;0.0468300;0.0464000;0.0467100;2364390000
20141202;130000;0.0466800;0.0468300;0.0466100;0.0466800;1544380000
20141202;140000;0.0466800;0.0470600;0.0466300;0.0468700;6195420000
20141202;150000;0.0468700;0.0469400;0.0465600;0.0468400;3129480000
20141202;160000;0.0468400;0.0469400;0.0467100;0.0469100;2012880000
20141202;170000;0.0469100;0.0470000;0.0467700;0.0468600;2565140000
20141202;180000;0.0468400;0.0470000;0.0467600;0.0470000;3271380000
20141202;190000;0.0470000;0.0473100;0.0469200;0.0469900;5515720000
20141203;110000;0.0469100;0.0480000;0.0468300;0.0475700;10500640000
20141203;120000;0.0475800;0.0478100;0.0474400;0.0476100;3925660000
20141203;130000;0.0475900;0.0508300;0.0475800;0.0493200;33579260000
20141203;140000;0.0492800;0.0496000;0.0486700;0.0490000;11323250000
20141203;150000;0.0489400;0.0494900;0.0486500;0.0492600;4677830000
20141203;160000;0.0492300;0.0493900;0.0488000;0.0490800;5820660000
20141203;170000;0.0490900;0.0494900;0.0490200;0.0493500;4260560000
20141203;180000;0.0493300;0.0493700;0.0487200;0.0490100;8797570000
20141203;190000;0.0490200;0.0496700;0.0489300;0.0492500;5330420000
20141204;110000;0.0493300;0.0510500;0.0492500;0.0510300;18068060000
20141204;120000;0.0510400;0.0521500;0.0508800;0.0517000;18061470000
20141204;130000;0.0517400;0.0532700;0.0513000;0.0530800;22922530000
20141204;140000;0.0530800;0.0551600;0.0530300;0.0545100;35398570000
20141204;150000;0.0545600;0.0548300;0.0533500;0.0534300;13457550000
20141204;160000;0.0534300;0.0534800;0.0527500;0.0528500;12562440000
20141204;170000;0.0528700;0.0528700;0.0516000;0.0517100;18127640000
20141204;180000;0.0516500;0.0531500;0.0512200;0.0527200;21732360000
20141204;190000;0.0527400;0.0527600;0.0520000;0.0520000;7463440000
20141205;110000;0.0524300;0.0530000;0.0519400;0.0522000;9298670000
20141205;120000;0.0522000;0.0522000;0.0509100;0.0512700;9031640000
20141205;130000;0.0512700;0.0520900;0.0507300;0.0519700;11353890000
20141205;140000;0.0519600;0.0522500;0.0517000;0.0519300;4024170000
20141205;150000;0.0519300;0.0520800;0.0514100;0.0516300;2531220000
20141205;160000;0.0516000;0.0517600;0.0506100;0.0507600;7639560000
20141205;170000;0.0508000;0.0510400;0.0502000;0.0502200;12667080000
20141205;180000;0.0502200;0.0518400;0.0502000;0.0511400;13925160000
20141205;190000;0.0511000;0.0516400;0.0508000;0.0510000;5799650000
20141208;110000;0.0510900;0.0521000;0.0510400;0.0514000;5608780000
20141208;120000;0.0514000;0.0519000;0.0510600;0.0517900;4468110000
20141208;130000;0.0518000;0.0519000;0.0509300;0.0512600;3526240000
20141208;140000;0.0513000;0.0513100;0.0502000;0.0506100;8295080000
20141208;150000;0.0506100;0.0510800;0.0504000;0.0508300;4802670000
20141208;160000;0.0508500;0.0509400;0.0497000;0.0498900;9051300000
20141208;170000;0.0499300;0.0505000;0.0498500;0.0503900;9434710000
20141208;180000;0.0504100;0.0504900;0.0499200;0.0503100;7196970000
20141208;190000;0.0503100;0.0510200;0.0502400;0.0509000;10253910000
20141209;110000;0.0511000;0.0513000;0.0504500;0.0507700;5134920000
20141209;120000;0.0507900;0.0514900;0.0507500;0.0511100;7998770000
20141209;130000;0.0511100;0.0514600;0.0509400;0.0513600;5680330000
20141209;140000;0.0513700;0.0521000;0.0512400;0.0518600;8623730000
20141209;150000;0.0518600;0.0532000;0.0517400;0.0528100;18971130000
20141209;160000;0.0528300;0.0530000;0.0525000;0.0527800;9960300000
20141209;170000;0.0527800;0.0530000;0.0527300;0.0528500;5915710000
20141209;180000;0.0528800;0.0533500;0.0523500;0.0525600;9876100000
20141209;190000;0.0525600;0.0526000;0.0522000;0.0523300;3583820000
20141210;110000;0.0525900;0.0544900;0.0521900;0.0538000;17528080000
20141210;120000;0.0538000;0.0547500;0.0536600;0.0543800;20208640000
20141210;130000;0.0543800;0.0545700;0.0540000;0.0540500;6147610000
20141210;140000;0.0540500;0.0543200;0.0536100;0.0541800;7606710000
20141210;150000;0.0541500;0.0543400;0.0539200;0.0540400;5303410000
20141210;160000;0.0540800;0.0542600;0.0537600;0.0538200;3267220000
20141210;170000;0.0538800;0.0540000;0.0537500;0.0540000;3314840000
20141210;180000;0.0539900;0.0540000;0.0532500;0.0535500;9690890000
20141210;190000;0.0535500;0.0539900;0.0532800;0.0539000;10572120000
20141211;110000;0.0539900;0.0548700;0.0533000;0.0535800;12696680000
20141211;120000;0.0535800;0.0537300;0.0533100;0.0536300;5877280000
20141211;130000;0.0536300;0.0543300;0.0535600;0.0540000;6120330000
20141211;140000;0.0540000;0.0544200;0.0539000;0.0543300;7677690000
20141211;150000;0.0543300;0.0547400;0.0541000;0.0546400;15396010000
20141211;160000;0.0546500;0.0549400;0.0545000;0.0547800;13018230000
20141211;170000;0.0547800;0.0552900;0.0543000;0.0545900;18947850000
20141211;180000;0.0545600;0.0551000;0.0540100;0.0544300;18061120000
20141211;190000;0.0544300;0.0555000;0.0543800;0.0555000;19281520000
20141212;110000;0.0552100;0.0561000;0.0545200;0.0553000;16716770000
20141212;120000;0.0553000;0.0559300;0.0550700;0.0555100;10156150000
20141212;130000;0.0555700;0.0562700;0.0553000;0.0560100;13290780000
20141212;140000;0.0560000;0.0561100;0.0555300;0.0555700;6363450000
20141212;150000;0.0555800;0.0557400;0.0553000;0.0557000;3268960000
20141212;160000;0.0557200;0.0557200;0.0553100;0.0555700;9245800000
20141212;170000;0.0556200;0.0558400;0.0555100;0.0558100;6633850000
20141212;180000;0.0558100;0.0568500;0.0557100;0.0567800;14538260000
20141212;190000;0.0568000;0.0571400;0.0565600;0.0570000;12925320000
20141215;110000;0.0569900;0.0576000;0.0569100;0.0573400;5473740000
20141215;120000;0.0573300;0.0575500;0.0570000;0.0570100;6385290000
20141215;130000;0.0570500;0.0570900;0.0566000;0.0570000;10132870000
20141215;140000;0.0570000;0.0570900;0.0570000;0.0570400;5738390000
20141215;150000;0.0570200;0.0573500;0.0568500;0.0568700;6429290000
20141215;160000;0.0568900;0.0570700;0.0561100;0.0565200;8265050000
20141215;170000;0.0565200;0.0573000;0.0565100;0.0569100;10005580000
20141215;180000;0.0569100;0.0572000;0.0561600;0.0569700;8533770000
20141215;190000;0.0569400;0.0572000;0.0567200;0.0568000;6638170000
20141216;110000;0.0567000;0.0573200;0.0560600;0.0572300;8507820000
20141216;120000;0.0572500;0.0574400;0.0521100;0.0552000;33894820000
20141216;130000;0.0552000;0.0604800;0.0552000;0.0577600;22158710000
20141216;140000;0.0577600;0.0579600;0.0556300;0.0571100;12135930000
20141216;150000;0.0570700;0.0580000;0.0560400;0.0571800;11990980000
20141216;160000;0.0571400;0.0578000;0.0570000;0.0570200;10263240000
20141216;170000;0.0570200;0.0571000;0.0547200;0.0549800;27472680000
20141216;180000;0.0549400;0.0562300;0.0523100;0.0549100;20408410000
20141216;190000;0.0548600;0.0560000;0.0538400;0.0560000;12397270000
20141217;110000;0.0568800;0.0579400;0.0529500;0.0548800;7775040000
20141217;120000;0.0548400;0.0560700;0.0537500;0.0541200;7489240000
20141217;130000;0.0542000;0.0553900;0.0537800;0.0543900;4653570000
20141217;140000;0.0543400;0.0551400;0.0538300;0.0540000;2921620000
20141217;150000;0.0540000;0.0551000;0.0530800;0.0539600;13714350000
20141217;160000;0.0539600;0.0547000;0.0527600;0.0527700;6516040000
20141217;170000;0.0527700;0.0540000;0.0525600;0.0530100;5498010000
20141217;180000;0.0530100;0.0544500;0.0528200;0.0538600;9093990000
20141217;190000;0.0539600;0.0555000;0.0538300;0.0555000;16290430000
20141218;110000;0.0560000;0.0566700;0.0543200;0.0549900;8624050000
20141218;120000;0.0549500;0.0550100;0.0542200;0.0544900;6618910000
20141218;130000;0.0544900;0.0550000;0.0533000;0.0535900;5470580000
20141218;140000;0.0535900;0.0555400;0.0531500;0.0549600;7821040000
20141218;150000;0.0547600;0.0552300;0.0530000;0.0535300;6533050000
20141218;160000;0.0535600;0.0539400;0.0533800;0.0535100;2836420000
20141218;170000;0.0535100;0.0557100;0.0532100;0.0547100;17380920000
20141218;180000;0.0547100;0.0550000;0.0545400;0.0546000;3460420000
20141218;190000;0.0546300;0.0563100;0.0545100;0.0553400;11445280000
20141219;110000;0.0550100;0.0554800;0.0543000;0.0546800;3031210000
20141219;120000;0.0547400;0.0547900;0.0536500;0.0539000;4853230000
20141219;130000;0.0539000;0.0541000;0.0537300;0.0538200;2250940000
20141219;140000;0.0538400;0.0542500;0.0537700;0.0540500;2047510000
20141219;150000;0.0541000;0.0542700;0.0538300;0.0541200;2324860000
20141219;160000;0.0541200;0.0545500;0.0538200;0.0538200;3383420000
20141219;170000;0.0538300;0.0543000;0.0537000;0.0541200;2127460000
20141219;180000;0.0540400;0.0549300;0.0537800;0.0548700;3951270000
20141219;190000;0.0548900;0.0555900;0.0547200;0.0552500;10793600000
20141222;110000;0.0559000;0.0579900;0.0551700;0.0568500;8465070000
20141222;120000;0.0569500;0.0588500;0.0566600;0.0585300;10950330000
20141222;130000;0.0585200;0.0609900;0.0585000;0.0606000;33252420000
20141222;140000;0.0606000;0.0608100;0.0605000;0.0605000;7078310000
20141222;150000;0.0605100;0.0607600;0.0605000;0.0605100;7590250000
20141222;160000;0.0605100;0.0606700;0.0605000;0.0605900;6836890000
20141222;170000;0.0605400;0.0608400;0.0605000;0.0605000;12051170000
20141222;180000;0.0605100;0.0606900;0.0578800;0.0583300;15250040000
20141222;190000;0.0583200;0.0616100;0.0581000;0.0611000;13701760000
20141223;110000;0.0613500;0.0644400;0.0612800;0.0628900;14518750000
20141223;120000;0.0628900;0.0629200;0.0601400;0.0607900;7878720000
20141223;130000;0.0608600;0.0623900;0.0602400;0.0608000;6101190000
20141223;140000;0.0608000;0.0610000;0.0605000;0.0605600;4659680000
20141223;150000;0.0605500;0.0617500;0.0601900;0.0613000;8231130000
20141223;160000;0.0613000;0.0613300;0.0605000;0.0605500;12900180000
20141223;170000;0.0605300;0.0606500;0.0602500;0.0603100;10274470000
20141223;180000;0.0603100;0.0605400;0.0598000;0.0598200;6344830000
20141223;190000;0.0598200;0.0617700;0.0597000;0.0613000;33950940000
20141224;110000;0.0610000;0.0612000;0.0597400;0.0606700;5157030000
20141224;120000;0.0606700;0.0614000;0.0605000;0.0605300;2829800000
20141224;130000;0.0605300;0.0627300;0.0605000;0.0625500;10651220000
20141224;140000;0.0625100;0.0637800;0.0624500;0.0630000;10637150000
20141224;150000;0.0630000;0.0638300;0.0625100;0.0626400;4436980000
20141224;160000;0.0627400;0.0642900;0.0622700;0.0640500;11609890000
20141224;170000;0.0640500;0.0654100;0.0640000;0.0650200;14260080000
20141224;180000;0.0650600;0.0654500;0.0650000;0.0652000;2822700000
20141224;190000;0.0652000;0.0664800;0.0651200;0.0660100;7697790000
20141225;110000;0.0661500;0.0705700;0.0661400;0.0696200;22275900000
20141225;120000;0.0695500;0.0704400;0.0687400;0.0697000;21034430000
20141225;130000;0.0697000;0.0699400;0.0676300;0.0684600;9086770000
20141225;140000;0.0684600;0.0690000;0.0667000;0.0672700;6488460000
20141225;150000;0.0672700;0.0673000;0.0657100;0.0662000;9991460000
20141225;160000;0.0662000;0.0675000;0.0660300;0.0670200;5193210000
20141225;170000;0.0670200;0.0684600;0.0668000;0.0669500;3849450000
20141225;180000;0.0669400;0.0693800;0.0668800;0.0685400;7071560000
20141225;190000;0.0685200;0.0701600;0.0685200;0.0700100;31302350000
20141226;110000;0.0700100;0.0716500;0.0695000;0.0696000;11112710000
20141226;120000;0.0696000;0.0703000;0.0690000;0.0694800;18105660000
20141226;130000;0.0694600;0.0694900;0.0682100;0.0688000;4000120000
20141226;140000;0.0688100;0.0692500;0.0685100;0.0685800;1255780000
20141226;150000;0.0686500;0.0690000;0.0670300;0.0683900;4188310000
20141226;160000;0.0683900;0.0694900;0.0680000;0.0690400;3683230000
20141226;170000;0.0690700;0.0691000;0.0686000;0.0688900;8737620000
20141226;180000;0.0688900;0.0689000;0.0682400;0.0685200;11316930000
20141226;190000;0.0685200;0.0692100;0.0679000;0.0689500;9624070000
20141229;110000;0.0689500;0.0700000;0.0682200;0.0687500;14822700000
20141229;120000;0.0687500;0.0687700;0.0667000;0.0678300;13232060000
20141229;130000;0.0678800;0.0682000;0.0666000;0.0678900;5247390000
20141229;140000;0.0679900;0.0687800;0.0677600;0.0683000;25062340000
20141229;150000;0.0682600;0.0684500;0.0675500;0.0678100;1949840000
20141229;160000;0.0678100;0.0679400;0.0650000;0.0665000;8727310000
20141229;170000;0.0665000;0.0670700;0.0656400;0.0661000;12157310000
20141229;180000;0.0661500;0.0665200;0.0656200;0.0661900;2120700000
20141229;190000;0.0662800;0.0671600;0.0655900;0.0669900;10306130000
20141230;110000;0.0667700;0.0667700;0.0646100;0.0651200;11269440000
20141230;120000;0.0651200;0.0653800;0.0650000;0.0651800;7594300000
20141230;130000;0.0651800;0.0658900;0.0650100;0.0657000;5545130000
20141230;140000;0.0657000;0.0675000;0.0652000;0.0665300;19388160000
20141230;150000;0.0665300;0.0674500;0.0665300;0.0671000;3830490000
20141230;160000;0.0671400;0.0680000;0.0670000;0.0673000;2364600000
20141230;170000;0.0673100;0.0674700;0.0670000;0.0671600;4854580000
20141230;180000;0.0671100;0.0674000;0.0660600;0.0663100;2316520000
20141230;190000;0.0663500;0.0670500;0.0661100;0.0670000;12093730000
20150105;110000;0.0660000;0.0670000;0.0656200;0.0657600;1705490000
20150105;120000;0.0657600;0.0670300;0.0656800;0.0668600;1421080000
20150105;130000;0.0668600;0.0679400;0.0666900;0.0675900;1363730000
20150105;140000;0.0675900;0.0683500;0.0675100;0.0680100;1548470000
20150105;150000;0.0679800;0.0693000;0.0677700;0.0685900;5131580000
20150105;160000;0.0685900;0.0686400;0.0680200;0.0681000;867530000
20150105;170000;0.0681000;0.0683800;0.0670000;0.0672600;1118390000
20150105;180000;0.0672600;0.0676200;0.0663100;0.0669300;1471710000
20150105;190000;0.0669500;0.0686100;0.0667900;0.0675000;2452480000
20150106;110000;0.0669900;0.0689400;0.0669700;0.0676900;1118760000
20150106;120000;0.0677000;0.0680000;0.0667000;0.0675100;2064430000
20150106;130000;0.0675900;0.0678300;0.0669000;0.0677400;1304500000
20150106;140000;0.0678300;0.0688600;0.0675000;0.0684100;2851720000
20150106;150000;0.0684100;0.0685000;0.0675900;0.0677000;703350000
20150106;160000;0.0677100;0.0679000;0.0671000;0.0671900;329460000
20150106;170000;0.0671500;0.0676700;0.0671100;0.0673200;973590000
20150106;180000;0.0672400;0.0673100;0.0661800;0.0669600;2133790000
20150106;190000;0.0668600;0.0671800;0.0665200;0.0666600;1564550000
20150108;110000;0.0666000;0.0675000;0.0665100;0.0669500;1350870000
20150108;120000;0.0668600;0.0685500;0.0668000;0.0682200;2415880000
20150108;130000;0.0683100;0.0688000;0.0675100;0.0686600;2772970000
20150108;140000;0.0686600;0.0693400;0.0680600;0.0692500;3049510000
20150108;150000;0.0692500;0.0693000;0.0687000;0.0689300;957820000
20150108;160000;0.0689300;0.0692500;0.0688600;0.0689900;739040000
20150108;170000;0.0689700;0.0689800;0.0682700;0.0685500;851540000
20150108;180000;0.0686100;0.0690000;0.0684600;0.0688800;1147590000
20150108;190000;0.0688700;0.0690000;0.0674100;0.0674100;2238320000
20150109;110000;0.0675700;0.0689800;0.0670500;0.0676300;1254660000
20150109;120000;0.0676400;0.0677100;0.0663200;0.0664500;3005580000
20150109;130000;0.0664700;0.0671100;0.0664700;0.0670100;1540830000
20150109;140000;0.0670900;0.0672600;0.0650000;0.0651900;3592980000
20150109;150000;0.0651500;0.0655700;0.0650000;0.0654600;1304790000
20150109;160000;0.0655000;0.0656600;0.0650600;0.0651900;1524220000
20150109;170000;0.0652000;0.0655000;0.0650200;0.0652400;767620000
20150109;180000;0.0652400;0.0653200;0.0641000;0.0644400;2588410000
20150109;190000;0.0645000;0.0658600;0.0644100;0.0653100;1970120000
20150112;110000;0.0645200;0.0657000;0.0645000;0.0652300;2607140000
20150112;120000;0.0651800;0.0664700;0.0648500;0.0658900;4873260000
20150112;130000;0.0659100;0.0672200;0.0659000;0.0664100;3286790000
20150112;140000;0.0664100;0.0667000;0.0657200;0.0659000;1595760000
20150112;150000;0.0659000;0.0660900;0.0655100;0.0655300;548820000
20150112;160000;0.0655300;0.0658700;0.0653200;0.0655600;523480000
20150112;170000;0.0655700;0.0657500;0.0644900;0.0644900;2163600000
20150112;180000;0.0645000;0.0647900;0.0640300;0.0642800;2273240000
20150112;190000;0.0642100;0.0643600;0.0635300;0.0635300;2790300000
20150113;110000;0.0630000;0.0641000;0.0612000;0.0619300;4588260000
20150113;120000;0.0619800;0.0633600;0.0617300;0.0620500;3541000000
20150113;130000;0.0620000;0.0627300;0.0618500;0.0622200;1887690000
20150113;140000;0.0622400;0.0623800;0.0617100;0.0619800;1463460000
20150113;150000;0.0619800;0.0625800;0.0619700;0.0625400;1252130000
20150113;160000;0.0625700;0.0628800;0.0620500;0.0620500;1300040000
20150113;170000;0.0620500;0.0624500;0.0617800;0.0620300;1422780000
20150113;180000;0.0620900;0.0629700;0.0620300;0.0626000;1922980000
20150113;190000;0.0625900;0.0626000;0.0595200;0.0605000;2753230000
20150114;110000;0.0604800;0.0615400;0.0600600;0.0611600;2947090000
20150114;120000;0.0611600;0.0612400;0.0591000;0.0598300;3944150000
20150114;130000;0.0598000;0.0606400;0.0597000;0.0604800;1763020000
20150114;140000;0.0605200;0.0606500;0.0600100;0.0600800;1306080000
20150114;150000;0.0600900;0.0603500;0.0599000;0.0599500;1057980000
20150114;160000;0.0599600;0.0599800;0.0593000;0.0593900;1912980000
20150114;170000;0.0593700;0.0603500;0.0593300;0.0599900;2655700000
20150114;180000;0.0600100;0.0607000;0.0596200;0.0604400;2461100000
20150114;190000;0.0604000;0.0613000;0.0601000;0.0601000;3277890000
20150115;110000;0.0611000;0.0613800;0.0601800;0.0608400;2915580000
20150115;120000;0.0609200;0.0627500;0.0605900;0.0625000;6444410000
20150115;130000;0.0625100;0.0628700;0.0620000;0.0624500;3018870000
20150115;140000;0.0623300;0.0634400;0.0620300;0.0629400;6208080000
20150115;150000;0.0629400;0.0631500;0.0623700;0.0626300;2570730000
20150115;160000;0.0625500;0.0635000;0.0625500;0.0630000;3126750000
20150115;170000;0.0630000;0.0644400;0.0628100;0.0642200;4825180000
20150115;180000;0.0642200;0.0643400;0.0628500;0.0631500;5917790000
20150115;190000;0.0632100;0.0634100;0.0626700;0.0627300;2915060000
20150116;110000;0.0626800;0.0647000;0.0616200;0.0640000;5980860000
20150116;120000;0.0640000;0.0643500;0.0636200;0.0642600;1853870000
20150116;130000;0.0642600;0.0648700;0.0640100;0.0647400;2902710000
20150116;140000;0.0647500;0.0654300;0.0647400;0.0650300;3523440000
20150116;150000;0.0649500;0.0656200;0.0649000;0.0655000;2856700000
20150116;160000;0.0655000;0.0655800;0.0647400;0.0650700;4113860000
20150116;170000;0.0650800;0.0654100;0.0648900;0.0653400;1045070000
20150116;180000;0.0653500;0.0655800;0.0650500;0.0651800;2016650000
20150116;190000;0.0651800;0.0653900;0.0649000;0.0652200;2738750000
20150119;110000;0.0649900;0.0675000;0.0647400;0.0668100;7183650000
20150119;120000;0.0668200;0.0673500;0.0665100;0.0671000;2230720000
20150119;130000;0.0671000;0.0673000;0.0668000;0.0670600;2312850000
20150119;140000;0.0670600;0.0673000;0.0668000;0.0673000;1296220000
20150119;150000;0.0672900;0.0673000;0.0669000;0.0669000;970280000
20150119;160000;0.0669000;0.0669600;0.0661300;0.0662100;2252970000
20150119;170000;0.0662100;0.0663000;0.0653000;0.0653900;2018000000
20150119;180000;0.0653200;0.0654800;0.0645800;0.0647200;4162050000
20150119;190000;0.0647800;0.0649700;0.0637000;0.0640100;3626330000
20150120;110000;0.0643000;0.0644700;0.0627000;0.0628600;5523630000
20150120;120000;0.0628600;0.0639600;0.0628600;0.0639600;2224480000
20150120;130000;0.0639500;0.0644000;0.0633800;0.0638800;3741400000
20150120;140000;0.0639300;0.0639800;0.0631300;0.0632800;1694070000
20150120;150000;0.0632800;0.0636300;0.0631100;0.0635700;1442820000
20150120;160000;0.0635700;0.0637700;0.0623500;0.0626900;2373680000
20150120;170000;0.0626900;0.0628000;0.0620000;0.0620600;3922860000
20150120;180000;0.0620500;0.0622300;0.0612600;0.0614600;3780230000
20150120;190000;0.0614300;0.0622800;0.0612000;0.0621000;3810130000
20150121;110000;0.0623800;0.0626400;0.0612700;0.0614300;3923900000
20150121;120000;0.0614300;0.0625500;0.0614300;0.0621000;1866620000
20150121;130000;0.0621000;0.0621600;0.0615100;0.0617300;1376180000
20150121;140000;0.0616500;0.0622400;0.0616400;0.0618600;611310000
20150121;150000;0.0618600;0.0623100;0.0615400;0.0621500;1495380000
20150121;160000;0.0621500;0.0625900;0.0619700;0.0620800;2741840000
20150121;170000;0.0620800;0.0629400;0.0620100;0.0629300;3018960000
20150121;180000;0.0629300;0.0632300;0.0626600;0.0628600;4142180000
20150121;190000;0.0629100;0.0635000;0.0627000;0.0635000;2253630000
20150122;110000;0.0636600;0.0644400;0.0634000;0.0641000;2793550000
20150122;120000;0.0640300;0.0650000;0.0638600;0.0646000;4830160000
20150122;130000;0.0646000;0.0650900;0.0642100;0.0644000;3300650000
20150122;140000;0.0644000;0.0649800;0.0644000;0.0649200;1499620000
20150122;150000;0.0649200;0.0649600;0.0638100;0.0649000;2423390000
20150122;160000;0.0649400;0.0649600;0.0640700;0.0642500;975120000
20150122;170000;0.0642500;0.0644200;0.0635100;0.0638800;4525700000
20150122;180000;0.0638500;0.0638500;0.0631200;0.0634500;3698080000
20150122;190000;0.0634700;0.0641400;0.0632600;0.0636200;3963870000
20150123;110000;0.0639900;0.0648900;0.0637900;0.0641200;5359150000
20150123;120000;0.0640800;0.0648000;0.0638700;0.0641600;3567330000
20150123;130000;0.0641800;0.0642700;0.0632300;0.0637300;2763820000
20150123;140000;0.0637800;0.0639900;0.0632500;0.0633900;1256790000
20150123;150000;0.0634100;0.0636000;0.0631500;0.0632600;1781390000
20150123;160000;0.0632700;0.0638600;0.0631500;0.0635700;1926750000
20150123;170000;0.0635800;0.0639000;0.0635400;0.0636700;568180000
20150123;180000;0.0636500;0.0637500;0.0631600;0.0631600;866210000
20150123;190000;0.0631600;0.0638000;0.0631500;0.0638000;2111250000
20150126;110000;0.0634300;0.0634600;0.0623000;0.0624100;3698220000
20150126;120000;0.0624100;0.0629000;0.0614500;0.0616600;4412380000
20150126;130000;0.0615900;0.0619400;0.0608700;0.0617000;2925380000
20150126;140000;0.0617200;0.0619300;0.0611300;0.0616300;1102830000
20150126;150000;0.0617000;0.0617000;0.0612100;0.0615700;1245030000
20150126;160000;0.0615800;0.0618900;0.0613900;0.0618600;1065200000
20150126;170000;0.0618700;0.0628700;0.0617500;0.0621500;2528370000
20150126;180000;0.0621600;0.0626900;0.0618100;0.0619300;1996550000
20150126;190000;0.0619300;0.0629000;0.0619000;0.0626000;1536720000
20150127;110000;0.0609800;0.0621500;0.0604100;0.0618000;4240670000
20150127;120000;0.0618200;0.0627300;0.0617500;0.0626300;3212460000
20150127;130000;0.0626500;0.0628200;0.0624300;0.0625600;1279880000
20150127;140000;0.0625100;0.0627000;0.0621400;0.0623700;1253690000
20150127;150000;0.0623300;0.0624900;0.0618300;0.0621100;953910000
20150127;160000;0.0621100;0.0622400;0.0617000;0.0618300;1292860000
20150127;170000;0.0618300;0.0627800;0.0617100;0.0626600;1892190000
20150127;180000;0.0626000;0.0629900;0.0625000;0.0627200;1415770000
20150127;190000;0.0627200;0.0639900;0.0625200;0.0636400;3367590000
20150128;110000;0.0640400;0.0655500;0.0640200;0.0650000;5462130000
20150128;120000;0.0650400;0.0682100;0.0650000;0.0664500;9938880000
20150128;130000;0.0665000;0.0669800;0.0663000;0.0663700;2917420000
20150128;140000;0.0663700;0.0670000;0.0663700;0.0665000;2316290000
20150128;150000;0.0665000;0.0666900;0.0663000;0.0665800;2719110000
20150128;160000;0.0665100;0.0671600;0.0663700;0.0666800;1969080000
20150128;170000;0.0666600;0.0671700;0.0665000;0.0670400;5688890000
20150128;180000;0.0670100;0.0675500;0.0663100;0.0666800;5070140000
20150128;190000;0.0666800;0.0672700;0.0665100;0.0671800;2893190000
20150129;110000;0.0672500;0.0681500;0.0667800;0.0671200;5489670000
20150129;120000;0.0670700;0.0680000;0.0669100;0.0677100;4229270000
20150129;130000;0.0676400;0.0680000;0.0674000;0.0680000;1356130000
20150129;140000;0.0680000;0.0690000;0.0676200;0.0686900;5161290000
20150129;150000;0.0686800;0.0701500;0.0682700;0.0695400;7855690000
20150129;160000;0.0696200;0.0696700;0.0676900;0.0679800;5782100000
20150129;170000;0.0679800;0.0680000;0.0670600;0.0671600;5986370000
20150129;180000;0.0671600;0.0675000;0.0670800;0.0673600;1445460000
20150129;190000;0.0673200;0.0675000;0.0660300;0.0665000;5278490000
20150130;110000;0.0669300;0.0684900;0.0669300;0.0677300;5083850000
20150130;120000;0.0677100;0.0679400;0.0672000;0.0672000;3225420000
20150130;130000;0.0672000;0.0674700;0.0664100;0.0674700;4405140000
20150130;140000;0.0674700;0.0682000;0.0665600;0.0666500;3599610000
20150130;150000;0.0666800;0.0679500;0.0658300;0.0676400;6087580000
20150130;160000;0.0676000;0.0679000;0.0673100;0.0678000;1493840000
20150130;170000;0.0678400;0.0679100;0.0675000;0.0676000;2386380000
20150130;180000;0.0675600;0.0685900;0.0675100;0.0685900;4981160000
20150130;190000;0.0685900;0.0689400;0.0675100;0.0689400;4975190000
20150202;110000;0.0692500;0.0697000;0.0683100;0.0686200;2279790000
20150202;120000;0.0686400;0.0687000;0.0675800;0.0684100;2178220000
20150202;130000;0.0683300;0.0685900;0.0671900;0.0671900;1355230000
20150202;140000;0.0671900;0.0681900;0.0670700;0.0680300;1698320000
20150202;150000;0.0680900;0.0686600;0.0674100;0.0681100;3209720000
20150202;160000;0.0681900;0.0682300;0.0676700;0.0679300;666040000
20150202;170000;0.0679500;0.0679700;0.0671000;0.0672400;1087360000
20150202;180000;0.0672100;0.0675400;0.0671500;0.0672100;1220400000
20150202;190000;0.0672100;0.0672700;0.0666500;0.0669600;3344420000
20150203;110000;0.0670700;0.0677600;0.0666800;0.0671200;1452570000
20150203;120000;0.0670900;0.0680000;0.0668100;0.0678600;2819590000
20150203;130000;0.0678600;0.0680000;0.0665000;0.0667000;2236580000
20150203;140000;0.0667000;0.0671400;0.0666300;0.0667500;824870000
20150203;150000;0.0667900;0.0673500;0.0665500;0.0673500;951920000
20150203;160000;0.0672500;0.0678800;0.0671600;0.0677400;3706430000
20150203;170000;0.0677400;0.0677700;0.0672100;0.0673300;1075700000
20150203;180000;0.0673300;0.0675500;0.0670000;0.0674400;893730000
20150203;190000;0.0675000;0.0679800;0.0673700;0.0677000;1999460000
20150204;110000;0.0680100;0.0688600;0.0672500;0.0676400;2388860000
20150204;120000;0.0676500;0.0678500;0.0673800;0.0675800;813360000
20150204;130000;0.0675800;0.0675800;0.0670100;0.0670300;797020000
20150204;140000;0.0670300;0.0672500;0.0668600;0.0670100;1230200000
20150204;150000;0.0670600;0.0673000;0.0669500;0.0672800;598950000
20150204;160000;0.0672300;0.0673300;0.0669500;0.0669800;537170000
20150204;170000;0.0669400;0.0670800;0.0668500;0.0669200;510600000
20150204;180000;0.0669700;0.0673100;0.0667600;0.0672000;801780000
20150204;190000;0.0672000;0.0675000;0.0663500;0.0668900;1867920000
20150205;110000;0.0667100;0.0667400;0.0660800;0.0664500;1907880000
20150205;120000;0.0664500;0.0667800;0.0663500;0.0667300;901520000
20150205;130000;0.0667000;0.0674400;0.0667000;0.0674000;1739820000
20150205;140000;0.0674100;0.0684000;0.0673000;0.0683500;3193750000
20150205;150000;0.0683000;0.0689500;0.0681400;0.0687000;3797090000
20150205;160000;0.0687000;0.0688500;0.0684200;0.0687300;1663030000
20150205;170000;0.0686700;0.0688400;0.0684200;0.0684600;1620770000
20150205;180000;0.0684200;0.0685000;0.0675100;0.0675900;4875260000
20150205;190000;0.0675100;0.0679900;0.0675100;0.0678600;1861800000
20150206;110000;0.0680100;0.0695400;0.0678100;0.0690500;5536500000
20150206;120000;0.0690400;0.0691000;0.0685800;0.0687400;3025890000
20150206;130000;0.0687400;0.0687500;0.0681200;0.0686000;2016470000
20150206;140000;0.0686000;0.0686000;0.0683300;0.0684800;2178120000
20150206;150000;0.0685000;0.0688000;0.0683500;0.0684900;2102700000
20150206;160000;0.0684700;0.0688000;0.0683000;0.0683600;2374470000
20150206;170000;0.0683600;0.0688000;0.0682900;0.0685000;1885130000
20150206;180000;0.0685400;0.0687300;0.0683800;0.0684500;1499430000
20150206;190000;0.0684800;0.0685700;0.0682600;0.0682600;1341620000
20150209;110000;0.0684000;0.0688600;0.0678600;0.0683500;1638170000
20150209;120000;0.0683500;0.0700000;0.0682300;0.0697700;12094030000
20150209;130000;0.0697700;0.0698900;0.0689400;0.0690800;3289170000
20150209;140000;0.0690800;0.0692500;0.0687000;0.0690800;1252760000
20150209;150000;0.0690700;0.0691500;0.0683500;0.0684200;1462380000
20150209;160000;0.0684300;0.0688500;0.0681100;0.0681100;1293750000
20150209;170000;0.0681100;0.0683800;0.0675700;0.0676600;2780300000
20150209;180000;0.0676000;0.0683000;0.0675900;0.0682200;1278260000
20150209;190000;0.0682000;0.0686200;0.0680000;0.0680000;1383380000
20150210;110000;0.0680000;0.0686000;0.0673400;0.0684300;1989600000
20150210;120000;0.0685300;0.0686000;0.0680700;0.0683600;883420000
20150210;130000;0.0684100;0.0691000;0.0684100;0.0689000;1538330000
20150210;140000;0.0689500;0.0692000;0.0681800;0.0687000;1037930000
20150210;150000;0.0687300;0.0689500;0.0683000;0.0685300;629070000
20150210;160000;0.0685300;0.0686700;0.0683600;0.0685700;591740000
20150210;170000;0.0685100;0.0686000;0.0682000;0.0683500;1138820000
20150210;180000;0.0683100;0.0689700;0.0680000;0.0680300;1645670000
20150210;190000;0.0680700;0.0683900;0.0677400;0.0682100;1536360000
20150211;110000;0.0688100;0.0695000;0.0687700;0.0689600;2035490000
20150211;120000;0.0689900;0.0692500;0.0686100;0.0692100;1155280000
20150211;130000;0.0692000;0.0697000;0.0691900;0.0696000;4394230000
20150211;140000;0.0696000;0.0696500;0.0691500;0.0695400;1055890000
20150211;150000;0.0695500;0.0697000;0.0693300;0.0695100;992310000
20150211;160000;0.0695400;0.0696900;0.0693800;0.0695600;934490000
20150211;170000;0.0694800;0.0695500;0.0691400;0.0693100;1041220000
20150211;180000;0.0693100;0.0694600;0.0691300;0.0692600;1511870000
20150211;190000;0.0691900;0.0695000;0.0690100;0.0690500;3709830000
20150212;110000;0.0697900;0.0719900;0.0665500;0.0681500;8576300000
20150212;120000;0.0681500;0.0692000;0.0680000;0.0686900;2123350000
20150212;130000;0.0686900;0.0699600;0.0684500;0.0698400;6303460000
20150212;140000;0.0698400;0.0700000;0.0688800;0.0691300;3740080000
20150212;150000;0.0691000;0.0694800;0.0688300;0.0690600;2023970000
20150212;160000;0.0691000;0.0692900;0.0686000;0.0686100;1616860000
20150212;170000;0.0686100;0.0686100;0.0679900;0.0682500;3774320000
20150212;180000;0.0682500;0.0692000;0.0681700;0.0684200;2832550000
20150212;190000;0.0684200;0.0691000;0.0682700;0.0690000;2244330000
20150213;110000;0.0694000;0.0699600;0.0690000;0.0694400;3606050000
20150213;120000;0.0694200;0.0697500;0.0686600;0.0690100;4424020000
20150213;130000;0.0690400;0.0694000;0.0688300;0.0693100;2112040000
20150213;140000;0.0693100;0.0693200;0.0690000;0.0690400;1014460000
20150213;150000;0.0690600;0.0692200;0.0688000;0.0688100;1302690000
20150213;160000;0.0688100;0.0694200;0.0687300;0.0693000;3129340000
20150213;170000;0.0693100;0.0694300;0.0690100;0.0691200;1932180000
20150213;180000;0.0691400;0.0694100;0.0689700;0.0693800;1682500000
20150213;190000;0.0693800;0.0694300;0.0690000;0.0694000;4283670000
20150216;110000;0.0694100;0.0696300;0.0678000;0.0680400;5114020000
20150216;120000;0.0680300;0.0683800;0.0679600;0.0682100;2076620000
20150216;130000;0.0682100;0.0683800;0.0679300;0.0680400;2882560000
20150216;140000;0.0680900;0.0681100;0.0675100;0.0675100;1658530000
20150216;150000;0.0675100;0.0679500;0.0672100;0.0677400;1214830000
20150216;160000;0.0677100;0.0678500;0.0675900;0.0676500;492590000
20150216;170000;0.0676500;0.0679200;0.0673100;0.0677200;1434920000
20150216;180000;0.0677200;0.0678200;0.0676000;0.0676000;1174770000
20150216;190000;0.0676600;0.0677500;0.0672500;0.0672500;1856100000
20150217;110000;0.0674500;0.0674600;0.0668600;0.0669600;1414620000
20150217;120000;0.0669500;0.0669700;0.0663000;0.0666100;2709810000
20150217;130000;0.0666100;0.0670000;0.0664900;0.0668800;1303050000
20150217;140000;0.0669200;0.0692600;0.0665800;0.0692400;5729630000
20150217;150000;0.0692400;0.0695200;0.0684000;0.0687400;7344780000
20150217;160000;0.0687600;0.0689200;0.0674900;0.0679500;2920840000
20150217;170000;0.0679400;0.0679400;0.0673700;0.0676500;932810000
20150217;180000;0.0676500;0.0676500;0.0669900;0.0671500;3345030000
20150217;190000;0.0671200;0.0672200;0.0666400;0.0670900;1916010000
20150218;110000;0.0672000;0.0681900;0.0670500;0.0678900;2059680000
20150218;120000;0.0678900;0.0681400;0.0670500;0.0674200;1692680000
20150218;130000;0.0674700;0.0678000;0.0669100;0.0672800;1071850000
20150218;140000;0.0672800;0.0674400;0.0671400;0.0673300;391850000
20150218;150000;0.0673300;0.0683500;0.0673300;0.0681700;4327290000
20150218;160000;0.0681600;0.0681800;0.0676700;0.0678800;1108220000
20150218;170000;0.0678500;0.0680000;0.0675000;0.0676100;1521780000
20150218;180000;0.0676100;0.0679900;0.0672700;0.0676100;1727530000
20150218;190000;0.0676000;0.0677000;0.0668400;0.0668400;3833920000
20150219;110000;0.0670000;0.0670500;0.0655700;0.0657900;3733730000
20150219;120000;0.0657600;0.0657800;0.0648600;0.0649900;5029970000
20150219;130000;0.0649900;0.0654200;0.0647400;0.0653000;2642600000
20150219;140000;0.0653000;0.0655900;0.0651800;0.0653500;2540090000
20150219;150000;0.0653700;0.0657300;0.0648200;0.0656000;3192840000
20150219;160000;0.0656000;0.0656000;0.0652100;0.0655500;724900000
20150219;170000;0.0655600;0.0657300;0.0653500;0.0656100;950960000
20150219;180000;0.0655800;0.0659600;0.0652200;0.0659500;2360680000
20150219;190000;0.0659500;0.0669600;0.0658300;0.0669600;2742610000
20150220;110000;0.0674000;0.0677100;0.0672000;0.0672000;2464550000
20150220;120000;0.0672000;0.0672800;0.0661400;0.0666000;2228700000
20150220;130000;0.0666000;0.0670600;0.0662300;0.0668100;1000520000
20150220;140000;0.0668100;0.0673600;0.0660000;0.0660600;2307150000
20150220;150000;0.0660500;0.0662500;0.0658200;0.0661300;1148540000
20150220;160000;0.0661100;0.0665900;0.0661100;0.0662600;1045000000
20150220;170000;0.0663400;0.0663500;0.0658500;0.0660700;1380860000
20150220;180000;0.0660700;0.0664500;0.0658500;0.0661800;1240040000
20150220;190000;0.0661900;0.0667000;0.0661100;0.0666000;1733770000
20150224;110000;0.0645400;0.0656600;0.0644100;0.0647600;3389500000
20150224;120000;0.0647500;0.0647800;0.0643000;0.0644800;3249510000
20150224;130000;0.0644700;0.0647300;0.0641500;0.0641800;2006680000
20150224;140000;0.0641800;0.0642500;0.0640000;0.0641200;1050480000
20150224;150000;0.0641100;0.0643900;0.0639000;0.0642900;1307610000
20150224;160000;0.0642900;0.0643000;0.0640000;0.0641600;617280000
20150224;170000;0.0641500;0.0643000;0.0640600;0.0641000;744020000
20150224;180000;0.0641000;0.0647100;0.0641000;0.0644300;1837160000
20150224;190000;0.0645000;0.0646000;0.0637500;0.0645100;2955300000
20150225;110000;0.0645100;0.0645100;0.0633900;0.0640000;1970410000
20150225;120000;0.0640200;0.0642500;0.0639000;0.0639300;1169680000
20150225;130000;0.0639200;0.0640000;0.0633900;0.0637400;2452240000
20150225;140000;0.0636900;0.0638300;0.0635800;0.0637700;737840000
20150225;150000;0.0637700;0.0638400;0.0635000;0.0635000;904850000
20150225;160000;0.0635000;0.0637500;0.0634000;0.0635000;1912900000
20150225;170000;0.0635000;0.0654700;0.0635000;0.0650600;5622800000
20150225;180000;0.0650200;0.0654000;0.0647300;0.0650000;4012580000
20150225;190000;0.0650000;0.0667000;0.0649200;0.0667000;10199480000
20150226;110000;0.0671400;0.0682500;0.0669300;0.0681900;7421790000
20150226;120000;0.0681900;0.0681900;0.0673000;0.0677600;3458410000
20150226;130000;0.0678500;0.0679800;0.0675000;0.0676800;1255990000
20150226;140000;0.0676900;0.0690000;0.0676200;0.0688500;7230010000
20150226;150000;0.0687900;0.0693500;0.0687300;0.0691000;4046210000
20150226;160000;0.0691200;0.0692000;0.0688000;0.0690700;2460450000
20150226;170000;0.0690700;0.0690800;0.0685000;0.0686500;2454840000
20150226;180000;0.0686500;0.0694900;0.0686100;0.0691500;2909510000
20150226;190000;0.0691500;0.0707800;0.0690100;0.0701000;25039420000
20150227;110000;0.0698000;0.0704300;0.0690000;0.0691900;5296660000
20150227;120000;0.0691900;0.0706400;0.0690700;0.0698200;6736400000
20150227;130000;0.0698300;0.0699500;0.0691700;0.0692900;2941130000
20150227;140000;0.0692900;0.0694000;0.0680500;0.0684000;6322210000
20150227;150000;0.0683600;0.0687000;0.0682500;0.0685400;741460000
20150227;160000;0.0685400;0.0687700;0.0684900;0.0687400;673480000
20150227;170000;0.0687100;0.0688400;0.0681100;0.0683400;2390330000
20150227;180000;0.0682600;0.0683800;0.0676000;0.0681900;4171230000
20150227;190000;0.0681400;0.0683900;0.0678200;0.0680000;4988700000
20150302;110000;0.0679900;0.0687900;0.0679900;0.0684900;1539590000
20150302;120000;0.0684900;0.0686600;0.0681000;0.0682300;1158940000
20150302;130000;0.0682500;0.0683000;0.0681000;0.0682300;526420000
20150302;140000;0.0682000;0.0682600;0.0677700;0.0678800;907300000
20150302;150000;0.0678500;0.0682200;0.0674700;0.0675200;1410960000
20150302;160000;0.0675200;0.0679400;0.0674900;0.0676200;536860000
20150302;170000;0.0676200;0.0678700;0.0674600;0.0675300;548220000
20150302;180000;0.0675300;0.0679800;0.0674800;0.0675900;735750000
20150302;190000;0.0675900;0.0683400;0.0673800;0.0681000;3686330000
20150303;110000;0.0677100;0.0683800;0.0676500;0.0678800;1193870000
20150303;120000;0.0679700;0.0689800;0.0679500;0.0687000;2364880000
20150303;130000;0.0687900;0.0693400;0.0687900;0.0693400;3168880000
20150303;140000;0.0693300;0.0694000;0.0689100;0.0689800;1475410000
20150303;150000;0.0689600;0.0691400;0.0688100;0.0688700;561650000
20150303;160000;0.0688600;0.0689700;0.0683200;0.0684200;1022490000
20150303;170000;0.0684300;0.0686100;0.0681000;0.0684400;776310000
20150303;180000;0.0684300;0.0686100;0.0677500;0.0679600;1713270000
20150303;190000;0.0679300;0.0695400;0.0678700;0.0695100;7042620000
20150304;110000;0.0690000;0.0698800;0.0690000;0.0694900;2759140000
20150304;120000;0.0695000;0.0695000;0.0687500;0.0688100;1881210000
20150304;130000;0.0688100;0.0689800;0.0685500;0.0689200;1483700000
20150304;140000;0.0689200;0.0689300;0.0685700;0.0686100;569660000
20150304;150000;0.0686100;0.0692000;0.0686000;0.0688700;988520000
20150304;160000;0.0688400;0.0690100;0.0687300;0.0689700;482440000
20150304;170000;0.0689700;0.0689700;0.0683800;0.0686600;828010000
20150304;180000;0.0686600;0.0686700;0.0680000;0.0681100;1719250000
20150304;190000;0.0681100;0.0683800;0.0680000;0.0680000;1312950000
20150305;110000;0.0682100;0.0686600;0.0673000;0.0673700;2853170000
20150305;120000;0.0674000;0.0676400;0.0671100;0.0675500;1624940000
20150305;130000;0.0675600;0.0683900;0.0675000;0.0679100;2449370000
20150305;140000;0.0679200;0.0681000;0.0673100;0.0674900;1196230000
20150305;150000;0.0674400;0.0685000;0.0674000;0.0683900;1882680000
20150305;160000;0.0683900;0.0684900;0.0676100;0.0676300;1248040000
20150305;170000;0.0676300;0.0678200;0.0669100;0.0669100;2605470000
20150305;180000;0.0669100;0.0670900;0.0665700;0.0667200;2971740000
20150305;190000;0.0667200;0.0668000;0.0660000;0.0664000;4393440000
20150306;110000;0.0664000;0.0668400;0.0662200;0.0664900;1880420000
20150306;120000;0.0664700;0.0664800;0.0658300;0.0661900;1743050000
20150306;130000;0.0661600;0.0661800;0.0653200;0.0654300;1424700000
20150306;140000;0.0653900;0.0657900;0.0653500;0.0654400;651100000
20150306;150000;0.0654000;0.0658300;0.0653400;0.0658000;882400000
20150306;160000;0.0657300;0.0658200;0.0655300;0.0657100;684060000
20150306;170000;0.0657000;0.0657700;0.0651700;0.0652900;905560000
20150306;180000;0.0652400;0.0658400;0.0649200;0.0649300;3307230000
20150306;190000;0.0649300;0.0655700;0.0647200;0.0647200;2528440000
20150310;110000;0.0642300;0.0649100;0.0636100;0.0637900;3508550000
20150310;120000;0.0637700;0.0639400;0.0630000;0.0632100;4588400000
20150310;130000;0.0632000;0.0637800;0.0631000;0.0631300;1509360000
20150310;140000;0.0631300;0.0631800;0.0626600;0.0629500;1785850000
20150310;150000;0.0629600;0.0636700;0.0626900;0.0632000;2358160000
20150310;160000;0.0632000;0.0636300;0.0630000;0.0632000;2191680000
20150310;170000;0.0632000;0.0635700;0.0628500;0.0633100;2181150000
20150310;180000;0.0632400;0.0635300;0.0630900;0.0634900;1269700000
20150310;190000;0.0634900;0.0640000;0.0626000;0.0626000;4101900000
20150311;110000;0.0627100;0.0633700;0.0616600;0.0629300;3448060000
20150311;120000;0.0629600;0.0632500;0.0623400;0.0625600;2131150000
20150311;130000;0.0626100;0.0639000;0.0625100;0.0637000;4186490000
20150311;140000;0.0637000;0.0638000;0.0634500;0.0636200;840690000
20150311;150000;0.0637100;0.0638000;0.0631100;0.0633100;1086290000
20150311;160000;0.0633000;0.0636000;0.0630800;0.0634500;1015430000
20150311;170000;0.0634700;0.0634700;0.0627400;0.0629200;1488050000
20150311;180000;0.0629400;0.0632000;0.0627200;0.0630000;1589970000
20150311;190000;0.0630100;0.0633900;0.0626900;0.0632800;1157440000
20150312;110000;0.0634000;0.0637100;0.0625000;0.0625000;2767450000
20150312;120000;0.0625000;0.0632000;0.0622900;0.0628800;2191210000
20150312;130000;0.0628300;0.0630900;0.0627500;0.0628500;1459220000
20150312;140000;0.0628400;0.0629000;0.0610200;0.0613400;4372280000
20150312;150000;0.0613400;0.0619900;0.0613400;0.0618400;1871230000
20150312;160000;0.0618400;0.0623900;0.0617100;0.0619400;1512480000
20150312;170000;0.0619400;0.0624400;0.0618700;0.0622500;1267130000
20150312;180000;0.0622700;0.0629400;0.0621900;0.0627200;1846860000
20150312;190000;0.0627100;0.0646300;0.0625900;0.0645000;7840580000
20150313;110000;0.0648300;0.0650500;0.0641900;0.0642200;2397280000
20150313;120000;0.0642300;0.0642700;0.0633000;0.0639000;2546010000
20150313;130000;0.0638900;0.0643000;0.0635000;0.0636700;2230970000
20150313;140000;0.0636600;0.0637900;0.0629100;0.0636800;2169760000
20150313;150000;0.0636600;0.0637300;0.0630400;0.0631000;779300000
20150313;160000;0.0631000;0.0635300;0.0630300;0.0635300;1789690000
20150313;170000;0.0635300;0.0648000;0.0634300;0.0643700;2322210000
20150313;180000;0.0644000;0.0647100;0.0634100;0.0634100;3028290000
20150313;190000;0.0634100;0.0634200;0.0629000;0.0633200;3073760000
20150316;110000;0.0629100;0.0635000;0.0623800;0.0631200;2162140000
20150316;120000;0.0631900;0.0633300;0.0616700;0.0617900;3624410000
20150316;130000;0.0618400;0.0625000;0.0608100;0.0621800;4485390000
20150316;140000;0.0621500;0.0623400;0.0615000;0.0616700;1394120000
20150316;150000;0.0616000;0.0618400;0.0612400;0.0616700;2353220000
20150316;160000;0.0616700;0.0626300;0.0616700;0.0624200;5288260000
20150316;170000;0.0624500;0.0625000;0.0618300;0.0621400;1982100000
20150316;180000;0.0621500;0.0624000;0.0618200;0.0619600;1517160000
20150316;190000;0.0619500;0.0621600;0.0618200;0.0621000;1552070000
20150317;110000;0.0625500;0.0627400;0.0619000;0.0621600;1402670000
20150317;120000;0.0621700;0.0626000;0.0617500;0.0618600;1723750000
20150317;130000;0.0618600;0.0620800;0.0615500;0.0616000;1424740000
20150317;140000;0.0616500;0.0618400;0.0614500;0.0617100;661660000
20150317;150000;0.0617100;0.0618000;0.0614500;0.0615600;1216220000
20150317;160000;0.0615400;0.0616700;0.0614500;0.0614700;568290000
20150317;170000;0.0615000;0.0615900;0.0612300;0.0615100;1036970000
20150317;180000;0.0615100;0.0619000;0.0613500;0.0614500;942220000
20150317;190000;0.0614200;0.0615000;0.0610000;0.0610000;1269080000
20150318;110000;0.0613500;0.0614700;0.0606700;0.0610500;1853310000
20150318;120000;0.0610600;0.0611700;0.0605400;0.0608200;1723970000
20150318;130000;0.0608200;0.0614600;0.0605300;0.0613100;2208610000
20150318;140000;0.0613100;0.0617000;0.0606700;0.0607100;2721040000
20150318;150000;0.0607100;0.0610900;0.0606000;0.0606800;1229780000
20150318;160000;0.0606700;0.0607700;0.0603700;0.0604600;1307200000
20150318;170000;0.0604400;0.0608400;0.0603300;0.0606300;1277620000
20150318;180000;0.0606500;0.0610300;0.0605500;0.0607200;2258380000
20150318;190000;0.0607200;0.0624000;0.0607100;0.0624000;5394840000
20150319;110000;0.0632300;0.0634800;0.0626000;0.0629200;4723590000
20150319;120000;0.0629400;0.0632000;0.0627800;0.0630500;1516900000
20150319;130000;0.0630100;0.0631000;0.0627200;0.0627200;1099650000
20150319;140000;0.0627200;0.0627400;0.0620600;0.0621400;1861220000
20150319;150000;0.0621400;0.0624500;0.0618200;0.0623300;920380000
20150319;160000;0.0623400;0.0626600;0.0619500;0.0622300;1190800000
20150319;170000;0.0623100;0.0624500;0.0618500;0.0622300;702550000
20150319;180000;0.0622100;0.0623400;0.0615600;0.0617200;1514540000
20150319;190000;0.0617300;0.0623000;0.0616300;0.0623000;1706970000
20150320;110000;0.0620100;0.0621700;0.0613000;0.0620700;2406900000
20150320;120000;0.0620800;0.0622100;0.0617400;0.0620000;1420520000
20150320;130000;0.0620100;0.0622100;0.0616200;0.0616500;1104730000
20150320;140000;0.0616600;0.0619000;0.0610700;0.0612200;1381730000
20150320;150000;0.0612200;0.0615000;0.0610100;0.0613100;1397930000
20150320;160000;0.0613200;0.0618300;0.0611100;0.0617400;889120000
20150320;170000;0.0617400;0.0622900;0.0614600;0.0616100;3067870000
20150320;180000;0.0615700;0.0622600;0.0614300;0.0618500;3256720000
20150320;190000;0.0618500;0.0634000;0.0618500;0.0634000;7801250000
20150323;110000;0.0636000;0.0639500;0.0626800;0.0627200;3100330000
20150323;120000;0.0627200;0.0630000;0.0623500;0.0624900;1314360000
20150323;130000;0.0624200;0.0626100;0.0618500;0.0618900;1450550000
20150323;140000;0.0619000;0.0621000;0.0617600;0.0619700;900270000
20150323;150000;0.0619100;0.0621800;0.0618400;0.0621500;1021090000
20150323;160000;0.0620700;0.0621800;0.0619400;0.0620500;643990000
20150323;170000;0.0620900;0.0622800;0.0620000;0.0622000;1049560000
20150323;180000;0.0622800;0.0623500;0.0619000;0.0619400;1485400000
20150323;190000;0.0619600;0.0620500;0.0616500;0.0617200;1436040000
20150324;110000;0.0617200;0.0618000;0.0612400;0.0614000;1577570000
20150324;120000;0.0614100;0.0620000;0.0611000;0.0619300;2578940000
20150324;130000;0.0619000;0.0623400;0.0618500;0.0622400;1723880000
20150324;140000;0.0622400;0.0623900;0.0619500;0.0620000;995890000
20150324;150000;0.0619600;0.0620000;0.0616600;0.0617900;1050260000
20150324;160000;0.0617700;0.0621100;0.0617000;0.0620900;997020000
20150324;170000;0.0620100;0.0622000;0.0617000;0.0621800;950250000
20150324;180000;0.0621900;0.0627500;0.0620900;0.0627500;1667150000
20150324;190000;0.0627500;0.0630400;0.0626300;0.0630000;3792770000
20150325;110000;0.0630100;0.0634400;0.0621100;0.0624500;2081240000
20150325;120000;0.0623600;0.0629500;0.0621600;0.0623300;1345020000
20150325;130000;0.0623000;0.0626700;0.0621600;0.0623700;966980000
20150325;140000;0.0623000;0.0623800;0.0619100;0.0619900;883000000
20150325;150000;0.0620000;0.0620000;0.0615600;0.0619500;1612950000
20150325;160000;0.0619500;0.0623400;0.0616800;0.0623100;2004540000
20150325;170000;0.0622500;0.0628800;0.0622400;0.0628100;2117650000
20150325;180000;0.0628000;0.0631600;0.0624600;0.0628100;2420430000
20150325;190000;0.0628100;0.0629500;0.0622500;0.0628000;1708080000
20150326;110000;0.0630000;0.0637700;0.0625200;0.0635200;3693640000
20150326;120000;0.0635500;0.0638900;0.0625900;0.0626100;2392910000
20150326;130000;0.0626200;0.0629300;0.0619700;0.0623500;1408400000
20150326;140000;0.0623200;0.0625000;0.0621000;0.0623700;477120000
20150326;150000;0.0623800;0.0626400;0.0620000;0.0622300;1510870000
20150326;160000;0.0622300;0.0623700;0.0618700;0.0619500;1196170000
20150326;170000;0.0619100;0.0619100;0.0603400;0.0607200;5690100000
20150326;180000;0.0607000;0.0611700;0.0603500;0.0607200;1991880000
20150326;190000;0.0607200;0.0608000;0.0605200;0.0606000;1846770000
20150327;110000;0.0605900;0.0608700;0.0594900;0.0601400;2773190000
20150327;120000;0.0601900;0.0609400;0.0599500;0.0602300;1552200000
20150327;130000;0.0602300;0.0606800;0.0597500;0.0599300;1472590000
20150327;140000;0.0599300;0.0601500;0.0591000;0.0596600;2494870000
20150327;150000;0.0596800;0.0607500;0.0596500;0.0603300;2509010000
20150327;160000;0.0602800;0.0602900;0.0599000;0.0601500;614900000
20150327;170000;0.0601400;0.0604600;0.0598200;0.0598700;1174300000
20150327;180000;0.0598700;0.0603900;0.0597700;0.0603100;834390000
20150327;190000;0.0602100;0.0605100;0.0595000;0.0595000;1560160000
20150330;110000;0.0597000;0.0604300;0.0596000;0.0602600;1825850000
20150330;120000;0.0602600;0.0605000;0.0598500;0.0602400;1648690000
20150330;130000;0.0602500;0.0604900;0.0600800;0.0601500;816720000
20150330;140000;0.0601500;0.0602400;0.0600800;0.0601500;231030000
20150330;150000;0.0601600;0.0603800;0.0601000;0.0601300;329040000
20150330;160000;0.0601400;0.0607000;0.0601400;0.0603900;1535230000
20150330;170000;0.0603900;0.0604000;0.0601600;0.0603700;140480000
